% time	cellId	IMSI	frame	sframe	RNTI	mcsTb1	sizeTb1	mcsTb2	sizeTb2	ccId
1.011	1	1	102	2	1	22	2769	22	2769	0
1.011	1	1	102	2	1	22	2769	22	2769	0
1.011	1	1	102	2	1	22	2769	22	2769	0
1.012	1	1	102	3	1	22	2769	22	2769	0
1.012	1	1	102	3	1	22	2769	22	2769	0
1.012	1	1	102	3	1	22	2769	22	2769	0
1.013	1	1	102	4	1	22	2769	22	2769	0
1.013	1	1	102	4	1	22	2769	22	2769	0
1.013	1	1	102	4	1	22	2769	22	2769	0
1.014	1	1	102	5	1	22	2769	22	2769	0
1.014	1	1	102	5	1	22	2769	22	2769	0
1.014	1	1	102	5	1	22	2769	22	2769	0
1.015	1	1	102	6	1	22	2769	22	2769	0
1.015	1	1	102	6	1	22	2769	22	2769	0
1.015	1	1	102	6	1	22	2769	22	2769	0
1.016	1	1	102	7	1	22	2769	22	2769	0
1.016	1	1	102	7	1	22	2769	22	2769	0
1.016	1	1	102	7	1	22	2769	22	2769	0
1.017	1	1	102	8	1	22	2769	22	2769	0
1.017	1	1	102	8	1	22	2769	22	2769	0
1.017	1	1	102	8	1	22	2769	22	2769	0
1.018	1	1	102	9	1	22	2769	22	2769	0
1.018	1	1	102	9	1	22	2769	22	2769	0
1.018	1	1	102	9	1	22	2769	22	2769	0
1.019	1	1	102	10	1	22	2769	22	2769	0
1.019	1	1	102	10	1	22	2769	22	2769	0
1.019	1	1	102	10	1	22	2769	22	2769	0
1.02	1	1	103	1	1	22	2769	22	2769	0
1.02	1	1	103	1	1	22	2769	22	2769	0
1.02	1	1	103	1	1	22	2769	22	2769	0
1.021	1	1	103	2	1	22	2769	22	2769	0
1.021	1	1	103	2	1	22	2769	22	2769	0
1.021	1	1	103	2	1	22	2769	22	2769	0
1.022	1	1	103	3	1	22	2769	22	2769	0
1.022	1	1	103	3	1	22	2769	22	2769	0
1.022	1	1	103	3	1	22	2769	22	2769	0
1.023	1	1	103	4	1	22	2769	22	2769	0
1.023	1	1	103	4	1	22	2769	22	2769	0
1.023	1	1	103	4	1	22	2769	22	2769	0
1.024	1	1	103	5	1	22	2769	22	2769	0
1.024	1	1	103	5	1	22	2769	22	2769	0
1.024	1	1	103	5	1	22	2769	22	2769	0
1.025	1	1	103	6	1	22	2769	22	2769	0
1.025	1	1	103	6	1	22	2769	22	2769	0
1.025	1	1	103	6	1	22	2769	22	2769	0
1.026	1	1	103	7	1	22	2769	22	2769	0
1.026	1	1	103	7	1	22	2769	22	2769	0
1.026	1	1	103	7	1	22	2769	22	2769	0
1.027	1	1	103	8	1	22	2769	22	2769	0
1.027	1	1	103	8	1	22	2769	22	2769	0
1.027	1	1	103	8	1	22	2769	22	2769	0
1.028	1	1	103	9	1	22	2769	22	2769	0
1.028	1	1	103	9	1	22	2769	22	2769	0
1.028	1	1	103	9	1	22	2769	22	2769	0
1.029	1	1	103	10	1	22	2769	22	2769	0
1.029	1	1	103	10	1	22	2769	22	2769	0
1.029	1	1	103	10	1	22	2769	22	2769	0
1.03	1	1	104	1	1	22	2769	22	2769	0
1.03	1	1	104	1	1	22	2769	22	2769	0
1.03	1	1	104	1	1	22	2769	22	2769	0
1.031	1	1	104	2	1	22	2769	22	2769	0
1.031	1	1	104	2	1	22	2769	22	2769	0
1.031	1	1	104	2	1	22	2769	22	2769	0
1.032	1	1	104	3	1	22	2769	22	2769	0
1.032	1	1	104	3	1	22	2769	22	2769	0
1.032	1	1	104	3	1	22	2769	22	2769	0
1.033	1	1	104	4	1	22	2769	22	2769	0
1.033	1	1	104	4	1	22	2769	22	2769	0
1.033	1	1	104	4	1	22	2769	22	2769	0
1.034	1	1	104	5	1	22	2769	22	2769	0
1.034	1	1	104	5	1	22	2769	22	2769	0
1.034	1	1	104	5	1	22	2769	22	2769	0
1.035	1	1	104	6	1	22	2769	22	2769	0
1.035	1	1	104	6	1	22	2769	22	2769	0
1.035	1	1	104	6	1	22	2769	22	2769	0
1.036	1	1	104	7	1	22	2769	22	2769	0
1.036	1	1	104	7	1	22	2769	22	2769	0
1.036	1	1	104	7	1	22	2769	22	2769	0
1.037	1	1	104	8	1	22	2769	22	2769	0
1.037	1	1	104	8	1	22	2769	22	2769	0
1.037	1	1	104	8	1	22	2769	22	2769	0
1.038	1	1	104	9	1	22	2769	22	2769	0
1.038	1	1	104	9	1	22	2769	22	2769	0
1.038	1	1	104	9	1	22	2769	22	2769	0
1.039	1	1	104	10	1	22	2769	22	2769	0
1.039	1	1	104	10	1	22	2769	22	2769	0
1.039	1	1	104	10	1	22	2769	22	2769	0
1.04	1	1	105	1	1	22	2769	22	2769	0
1.04	1	1	105	1	1	22	2769	22	2769	0
1.04	1	1	105	1	1	22	2769	22	2769	0
1.041	1	1	105	2	1	22	2769	22	2769	0
1.041	1	1	105	2	1	22	2769	22	2769	0
1.041	1	1	105	2	1	22	2769	22	2769	0
1.042	1	1	105	3	1	22	2769	22	2769	0
1.042	1	1	105	3	1	22	2769	22	2769	0
1.042	1	1	105	3	1	22	2769	22	2769	0
1.043	1	1	105	4	1	22	2769	22	2769	0
1.043	1	1	105	4	1	22	2769	22	2769	0
1.043	1	1	105	4	1	22	2769	22	2769	0
1.044	1	1	105	5	1	22	2769	22	2769	0
1.044	1	1	105	5	1	22	2769	22	2769	0
1.044	1	1	105	5	1	22	2769	22	2769	0
1.045	1	1	105	6	1	22	2769	22	2769	0
1.045	1	1	105	6	1	22	2769	22	2769	0
1.045	1	1	105	6	1	22	2769	22	2769	0
1.046	1	1	105	7	1	22	2769	22	2769	0
1.046	1	1	105	7	1	22	2769	22	2769	0
1.046	1	1	105	7	1	22	2769	22	2769	0
1.047	1	1	105	8	1	22	2769	22	2769	0
1.047	1	1	105	8	1	22	2769	22	2769	0
1.047	1	1	105	8	1	22	2769	22	2769	0
1.048	1	1	105	9	1	22	2769	22	2769	0
1.048	1	1	105	9	1	22	2769	22	2769	0
1.048	1	1	105	9	1	22	2769	22	2769	0
1.049	1	1	105	10	1	22	2769	22	2769	0
1.049	1	1	105	10	1	22	2769	22	2769	0
1.049	1	1	105	10	1	22	2769	22	2769	0
1.05	1	1	106	1	1	22	2769	22	2769	0
1.05	1	1	106	1	1	22	2769	22	2769	0
1.05	1	1	106	1	1	22	2769	22	2769	0
1.051	1	1	106	2	1	22	2769	22	2769	0
1.051	1	1	106	2	1	22	2769	22	2769	0
1.051	1	1	106	2	1	22	2769	22	2769	0
1.052	1	1	106	3	1	22	2769	22	2769	0
1.052	1	1	106	3	1	22	2769	22	2769	0
1.052	1	1	106	3	1	22	2769	22	2769	0
1.053	1	1	106	4	1	22	2769	22	2769	0
1.053	1	1	106	4	1	22	2769	22	2769	0
1.053	1	1	106	4	1	22	2769	22	2769	0
1.054	1	1	106	5	1	22	2769	22	2769	0
1.054	1	1	106	5	1	22	2769	22	2769	0
1.054	1	1	106	5	1	22	2769	22	2769	0
1.055	1	1	106	6	1	22	2769	22	2769	0
1.055	1	1	106	6	1	22	2769	22	2769	0
1.055	1	1	106	6	1	22	2769	22	2769	0
1.056	1	1	106	7	1	22	2769	22	2769	0
1.056	1	1	106	7	1	22	2769	22	2769	0
1.056	1	1	106	7	1	22	2769	22	2769	0
1.057	1	1	106	8	1	22	2769	22	2769	0
1.057	1	1	106	8	1	22	2769	22	2769	0
1.057	1	1	106	8	1	22	2769	22	2769	0
1.058	1	1	106	9	1	22	2769	22	2769	0
1.058	1	1	106	9	1	22	2769	22	2769	0
1.058	1	1	106	9	1	22	2769	22	2769	0
1.059	1	1	106	10	1	22	2769	22	2769	0
1.059	1	1	106	10	1	22	2769	22	2769	0
1.059	1	1	106	10	1	22	2769	22	2769	0
1.06	1	1	107	1	1	22	2769	22	2769	0
1.06	1	1	107	1	1	22	2769	22	2769	0
1.06	1	1	107	1	1	22	2769	22	2769	0
1.061	1	1	107	2	1	22	2769	22	2769	0
1.061	1	1	107	2	1	22	2769	22	2769	0
1.061	1	1	107	2	1	22	2769	22	2769	0
1.062	1	1	107	3	1	22	2769	22	2769	0
1.062	1	1	107	3	1	22	2769	22	2769	0
1.062	1	1	107	3	1	22	2769	22	2769	0
1.063	1	1	107	4	1	22	2769	22	2769	0
1.063	1	1	107	4	1	22	2769	22	2769	0
1.063	1	1	107	4	1	22	2769	22	2769	0
1.064	1	1	107	5	1	22	2769	22	2769	0
1.064	1	1	107	5	1	22	2769	22	2769	0
1.064	1	1	107	5	1	22	2769	22	2769	0
1.065	1	1	107	6	1	22	2769	22	2769	0
1.065	1	1	107	6	1	22	2769	22	2769	0
1.065	1	1	107	6	1	22	2769	22	2769	0
1.066	1	1	107	7	1	22	2769	22	2769	0
1.066	1	1	107	7	1	22	2769	22	2769	0
1.066	1	1	107	7	1	22	2769	22	2769	0
1.067	1	1	107	8	1	22	2769	22	2769	0
1.067	1	1	107	8	1	22	2769	22	2769	0
1.067	1	1	107	8	1	22	2769	22	2769	0
1.068	1	1	107	9	1	22	2769	22	2769	0
1.068	1	1	107	9	1	22	2769	22	2769	0
1.068	1	1	107	9	1	22	2769	22	2769	0
1.069	1	1	107	10	1	22	2769	22	2769	0
1.069	1	1	107	10	1	22	2769	22	2769	0
1.069	1	1	107	10	1	22	2769	22	2769	0
1.07	1	1	108	1	1	22	2769	22	2769	0
1.07	1	1	108	1	1	22	2769	22	2769	0
1.07	1	1	108	1	1	22	2769	22	2769	0
1.071	1	1	108	2	1	22	2769	22	2769	0
1.071	1	1	108	2	1	22	2769	22	2769	0
1.071	1	1	108	2	1	22	2769	22	2769	0
1.072	1	1	108	3	1	22	2769	22	2769	0
1.072	1	1	108	3	1	22	2769	22	2769	0
1.072	1	1	108	3	1	22	2769	22	2769	0
1.073	1	1	108	4	1	22	2769	22	2769	0
1.073	1	1	108	4	1	22	2769	22	2769	0
1.073	1	1	108	4	1	22	2769	22	2769	0
1.074	1	1	108	5	1	22	2769	22	2769	0
1.074	1	1	108	5	1	22	2769	22	2769	0
1.074	1	1	108	5	1	22	2769	22	2769	0
1.075	1	1	108	6	1	22	2769	22	2769	0
1.075	1	1	108	6	1	22	2769	22	2769	0
1.075	1	1	108	6	1	22	2769	22	2769	0
1.076	1	1	108	7	1	22	2769	22	2769	0
1.076	1	1	108	7	1	22	2769	22	2769	0
1.076	1	1	108	7	1	22	2769	22	2769	0
1.077	1	1	108	8	1	22	2769	22	2769	0
1.077	1	1	108	8	1	22	2769	22	2769	0
1.077	1	1	108	8	1	22	2769	22	2769	0
1.078	1	1	108	9	1	22	2769	22	2769	0
1.078	1	1	108	9	1	22	2769	22	2769	0
1.078	1	1	108	9	1	22	2769	22	2769	0
1.079	1	1	108	10	1	22	2769	22	2769	0
1.079	1	1	108	10	1	22	2769	22	2769	0
1.079	1	1	108	10	1	22	2769	22	2769	0
1.08	1	1	109	1	1	22	2769	22	2769	0
1.08	1	1	109	1	1	22	2769	22	2769	0
1.08	1	1	109	1	1	22	2769	22	2769	0
1.081	1	1	109	2	1	22	2769	22	2769	0
1.081	1	1	109	2	1	22	2769	22	2769	0
1.081	1	1	109	2	1	22	2769	22	2769	0
1.082	1	1	109	3	1	22	2769	22	2769	0
1.082	1	1	109	3	1	22	2769	22	2769	0
1.082	1	1	109	3	1	22	2769	22	2769	0
1.083	1	1	109	4	1	22	2769	22	2769	0
1.083	1	1	109	4	1	22	2769	22	2769	0
1.083	1	1	109	4	1	22	2769	22	2769	0
1.084	1	1	109	5	1	22	2769	22	2769	0
1.084	1	1	109	5	1	22	2769	22	2769	0
1.084	1	1	109	5	1	22	2769	22	2769	0
1.085	1	1	109	6	1	22	2769	22	2769	0
1.085	1	1	109	6	1	22	2769	22	2769	0
1.085	1	1	109	6	1	22	2769	22	2769	0
1.086	1	1	109	7	1	22	2769	22	2769	0
1.086	1	1	109	7	1	22	2769	22	2769	0
1.086	1	1	109	7	1	22	2769	22	2769	0
1.087	1	1	109	8	1	22	2769	22	2769	0
1.087	1	1	109	8	1	22	2769	22	2769	0
1.087	1	1	109	8	1	22	2769	22	2769	0
1.088	1	1	109	9	1	22	2769	22	2769	0
1.088	1	1	109	9	1	22	2769	22	2769	0
1.088	1	1	109	9	1	22	2769	22	2769	0
1.089	1	1	109	10	1	22	2769	22	2769	0
1.089	1	1	109	10	1	22	2769	22	2769	0
1.089	1	1	109	10	1	22	2769	22	2769	0
1.09	1	1	110	1	1	22	2769	22	2769	0
1.09	1	1	110	1	1	22	2769	22	2769	0
1.09	1	1	110	1	1	22	2769	22	2769	0
1.091	1	1	110	2	1	22	2769	22	2769	0
1.091	1	1	110	2	1	22	2769	22	2769	0
1.091	1	1	110	2	1	22	2769	22	2769	0
1.092	1	1	110	3	1	22	2769	22	2769	0
1.092	1	1	110	3	1	22	2769	22	2769	0
1.092	1	1	110	3	1	22	2769	22	2769	0
1.093	1	1	110	4	1	22	2769	22	2769	0
1.093	1	1	110	4	1	22	2769	22	2769	0
1.093	1	1	110	4	1	22	2769	22	2769	0
1.094	1	1	110	5	1	22	2769	22	2769	0
1.094	1	1	110	5	1	22	2769	22	2769	0
1.094	1	1	110	5	1	22	2769	22	2769	0
1.095	1	1	110	6	1	22	2769	22	2769	0
1.095	1	1	110	6	1	22	2769	22	2769	0
1.095	1	1	110	6	1	22	2769	22	2769	0
1.096	1	1	110	7	1	22	2769	22	2769	0
1.096	1	1	110	7	1	22	2769	22	2769	0
1.096	1	1	110	7	1	22	2769	22	2769	0
1.097	1	1	110	8	1	22	2769	22	2769	0
1.097	1	1	110	8	1	22	2769	22	2769	0
1.097	1	1	110	8	1	22	2769	22	2769	0
1.098	1	1	110	9	1	22	2769	22	2769	0
1.098	1	1	110	9	1	22	2769	22	2769	0
1.098	1	1	110	9	1	22	2769	22	2769	0
1.099	1	1	110	10	1	22	2769	22	2769	0
1.099	1	1	110	10	1	22	2769	22	2769	0
1.099	1	1	110	10	1	22	2769	22	2769	0
1.1	1	1	111	1	1	22	2769	22	2769	0
1.1	1	1	111	1	1	22	2769	22	2769	0
1.1	1	1	111	1	1	22	2769	22	2769	0
1.101	1	1	111	2	1	22	2769	22	2769	0
1.101	1	1	111	2	1	22	2769	22	2769	0
1.101	1	1	111	2	1	22	2769	22	2769	0
1.102	1	1	111	3	1	22	2769	22	2769	0
1.102	1	1	111	3	1	22	2769	22	2769	0
1.102	1	1	111	3	1	22	2769	22	2769	0
1.103	1	1	111	4	1	22	2769	22	2769	0
1.103	1	1	111	4	1	22	2769	22	2769	0
1.103	1	1	111	4	1	22	2769	22	2769	0
1.104	1	1	111	5	1	22	2769	22	2769	0
1.104	1	1	111	5	1	22	2769	22	2769	0
1.104	1	1	111	5	1	22	2769	22	2769	0
1.105	1	1	111	6	1	22	2769	22	2769	0
1.105	1	1	111	6	1	22	2769	22	2769	0
1.105	1	1	111	6	1	22	2769	22	2769	0
1.106	1	1	111	7	1	22	2769	22	2769	0
1.106	1	1	111	7	1	22	2769	22	2769	0
1.106	1	1	111	7	1	22	2769	22	2769	0
1.107	1	1	111	8	1	22	2769	22	2769	0
1.107	1	1	111	8	1	22	2769	22	2769	0
1.107	1	1	111	8	1	22	2769	22	2769	0
1.108	1	1	111	9	1	22	2769	22	2769	0
1.108	1	1	111	9	1	22	2769	22	2769	0
1.108	1	1	111	9	1	22	2769	22	2769	0
1.109	1	1	111	10	1	22	2769	22	2769	0
1.109	1	1	111	10	1	22	2769	22	2769	0
1.109	1	1	111	10	1	22	2769	22	2769	0
1.11	1	1	112	1	1	22	2769	22	2769	0
1.11	1	1	112	1	1	22	2769	22	2769	0
1.11	1	1	112	1	1	22	2769	22	2769	0
1.111	1	1	112	2	1	22	2769	22	2769	0
1.111	1	1	112	2	1	22	2769	22	2769	0
1.111	1	1	112	2	1	22	2769	22	2769	0
1.112	1	1	112	3	1	22	2769	22	2769	0
1.112	1	1	112	3	1	22	2769	22	2769	0
1.112	1	1	112	3	1	22	2769	22	2769	0
1.113	1	1	112	4	1	22	2769	22	2769	0
1.113	1	1	112	4	1	22	2769	22	2769	0
1.113	1	1	112	4	1	22	2769	22	2769	0
1.114	1	1	112	5	1	22	2769	22	2769	0
1.114	1	1	112	5	1	22	2769	22	2769	0
1.114	1	1	112	5	1	22	2769	22	2769	0
1.115	1	1	112	6	1	22	2769	22	2769	0
1.115	1	1	112	6	1	22	2769	22	2769	0
1.115	1	1	112	6	1	22	2769	22	2769	0
1.116	1	1	112	7	1	22	2769	22	2769	0
1.116	1	1	112	7	1	22	2769	22	2769	0
1.116	1	1	112	7	1	22	2769	22	2769	0
1.117	1	1	112	8	1	22	2769	22	2769	0
1.117	1	1	112	8	1	22	2769	22	2769	0
1.117	1	1	112	8	1	22	2769	22	2769	0
1.118	1	1	112	9	1	22	2769	22	2769	0
1.118	1	1	112	9	1	22	2769	22	2769	0
1.118	1	1	112	9	1	22	2769	22	2769	0
1.119	1	1	112	10	1	22	2769	22	2769	0
1.119	1	1	112	10	1	22	2769	22	2769	0
1.119	1	1	112	10	1	22	2769	22	2769	0
1.12	1	1	113	1	1	22	2769	22	2769	0
1.12	1	1	113	1	1	22	2769	22	2769	0
1.12	1	1	113	1	1	22	2769	22	2769	0
1.121	1	1	113	2	1	22	2769	22	2769	0
1.121	1	1	113	2	1	22	2769	22	2769	0
1.121	1	1	113	2	1	22	2769	22	2769	0
1.122	1	1	113	3	1	22	2769	22	2769	0
1.122	1	1	113	3	1	22	2769	22	2769	0
1.122	1	1	113	3	1	22	2769	22	2769	0
1.123	1	1	113	4	1	22	2769	22	2769	0
1.123	1	1	113	4	1	22	2769	22	2769	0
1.123	1	1	113	4	1	22	2769	22	2769	0
1.124	1	1	113	5	1	22	2769	22	2769	0
1.124	1	1	113	5	1	22	2769	22	2769	0
1.124	1	1	113	5	1	22	2769	22	2769	0
1.125	1	1	113	6	1	22	2769	22	2769	0
1.125	1	1	113	6	1	22	2769	22	2769	0
1.125	1	1	113	6	1	22	2769	22	2769	0
1.126	1	1	113	7	1	22	2769	22	2769	0
1.126	1	1	113	7	1	22	2769	22	2769	0
1.126	1	1	113	7	1	22	2769	22	2769	0
1.127	1	1	113	8	1	22	2769	22	2769	0
1.127	1	1	113	8	1	22	2769	22	2769	0
1.127	1	1	113	8	1	22	2769	22	2769	0
1.128	1	1	113	9	1	22	2769	22	2769	0
1.128	1	1	113	9	1	22	2769	22	2769	0
1.128	1	1	113	9	1	22	2769	22	2769	0
1.129	1	1	113	10	1	22	2769	22	2769	0
1.129	1	1	113	10	1	22	2769	22	2769	0
1.129	1	1	113	10	1	22	2769	22	2769	0
1.13	1	1	114	1	1	22	2769	22	2769	0
1.13	1	1	114	1	1	22	2769	22	2769	0
1.13	1	1	114	1	1	22	2769	22	2769	0
1.131	1	1	114	2	1	22	2769	22	2769	0
1.131	1	1	114	2	1	22	2769	22	2769	0
1.131	1	1	114	2	1	22	2769	22	2769	0
1.132	1	1	114	3	1	22	2769	22	2769	0
1.132	1	1	114	3	1	22	2769	22	2769	0
1.132	1	1	114	3	1	22	2769	22	2769	0
1.133	1	1	114	4	1	22	2769	22	2769	0
1.133	1	1	114	4	1	22	2769	22	2769	0
1.133	1	1	114	4	1	22	2769	22	2769	0
1.134	1	1	114	5	1	22	2769	22	2769	0
1.134	1	1	114	5	1	22	2769	22	2769	0
1.134	1	1	114	5	1	22	2769	22	2769	0
1.135	1	1	114	6	1	22	2769	22	2769	0
1.135	1	1	114	6	1	22	2769	22	2769	0
1.135	1	1	114	6	1	22	2769	22	2769	0
1.136	1	1	114	7	1	22	2769	22	2769	0
1.136	1	1	114	7	1	22	2769	22	2769	0
1.136	1	1	114	7	1	22	2769	22	2769	0
1.137	1	1	114	8	1	22	2769	22	2769	0
1.137	1	1	114	8	1	22	2769	22	2769	0
1.137	1	1	114	8	1	22	2769	22	2769	0
1.138	1	1	114	9	1	22	2769	22	2769	0
1.138	1	1	114	9	1	22	2769	22	2769	0
1.138	1	1	114	9	1	22	2769	22	2769	0
1.139	1	1	114	10	1	22	2769	22	2769	0
1.139	1	1	114	10	1	22	2769	22	2769	0
1.139	1	1	114	10	1	22	2769	22	2769	0
1.14	1	1	115	1	1	22	2769	22	2769	0
1.14	1	1	115	1	1	22	2769	22	2769	0
1.14	1	1	115	1	1	22	2769	22	2769	0
1.141	1	1	115	2	1	22	2769	22	2769	0
1.141	1	1	115	2	1	22	2769	22	2769	0
1.141	1	1	115	2	1	22	2769	22	2769	0
1.142	1	1	115	3	1	22	2769	22	2769	0
1.142	1	1	115	3	1	22	2769	22	2769	0
1.142	1	1	115	3	1	22	2769	22	2769	0
1.143	1	1	115	4	1	22	2769	22	2769	0
1.143	1	1	115	4	1	22	2769	22	2769	0
1.143	1	1	115	4	1	22	2769	22	2769	0
1.144	1	1	115	5	1	22	2769	22	2769	0
1.144	1	1	115	5	1	22	2769	22	2769	0
1.144	1	1	115	5	1	22	2769	22	2769	0
1.145	1	1	115	6	1	22	2769	22	2769	0
1.145	1	1	115	6	1	22	2769	22	2769	0
1.145	1	1	115	6	1	22	2769	22	2769	0
1.146	1	1	115	7	1	22	2769	22	2769	0
1.146	1	1	115	7	1	22	2769	22	2769	0
1.146	1	1	115	7	1	22	2769	22	2769	0
1.147	1	1	115	8	1	22	2769	22	2769	0
1.147	1	1	115	8	1	22	2769	22	2769	0
1.147	1	1	115	8	1	22	2769	22	2769	0
1.148	1	1	115	9	1	22	2769	22	2769	0
1.148	1	1	115	9	1	22	2769	22	2769	0
1.148	1	1	115	9	1	22	2769	22	2769	0
1.149	1	1	115	10	1	22	2769	22	2769	0
1.149	1	1	115	10	1	22	2769	22	2769	0
1.149	1	1	115	10	1	22	2769	22	2769	0
1.15	1	1	116	1	1	22	2769	22	2769	0
1.15	1	1	116	1	1	22	2769	22	2769	0
1.15	1	1	116	1	1	22	2769	22	2769	0
1.151	1	1	116	2	1	22	2769	22	2769	0
1.151	1	1	116	2	1	22	2769	22	2769	0
1.151	1	1	116	2	1	22	2769	22	2769	0
1.152	1	1	116	3	1	22	2769	22	2769	0
1.152	1	1	116	3	1	22	2769	22	2769	0
1.152	1	1	116	3	1	22	2769	22	2769	0
1.153	1	1	116	4	1	22	2769	22	2769	0
1.153	1	1	116	4	1	22	2769	22	2769	0
1.153	1	1	116	4	1	22	2769	22	2769	0
1.154	1	1	116	5	1	22	2769	22	2769	0
1.154	1	1	116	5	1	22	2769	22	2769	0
1.154	1	1	116	5	1	22	2769	22	2769	0
1.155	1	1	116	6	1	22	2769	22	2769	0
1.155	1	1	116	6	1	22	2769	22	2769	0
1.155	1	1	116	6	1	22	2769	22	2769	0
1.156	1	1	116	7	1	22	2769	22	2769	0
1.156	1	1	116	7	1	22	2769	22	2769	0
1.156	1	1	116	7	1	22	2769	22	2769	0
1.157	1	1	116	8	1	22	2769	22	2769	0
1.157	1	1	116	8	1	22	2769	22	2769	0
1.157	1	1	116	8	1	22	2769	22	2769	0
1.158	1	1	116	9	1	22	2769	22	2769	0
1.158	1	1	116	9	1	22	2769	22	2769	0
1.158	1	1	116	9	1	22	2769	22	2769	0
1.159	1	1	116	10	1	22	2769	22	2769	0
1.159	1	1	116	10	1	22	2769	22	2769	0
1.159	1	1	116	10	1	22	2769	22	2769	0
1.16	1	1	117	1	1	22	2769	22	2769	0
1.16	1	1	117	1	1	22	2769	22	2769	0
1.16	1	1	117	1	1	22	2769	22	2769	0
1.161	1	1	117	2	1	22	2769	22	2769	0
1.161	1	1	117	2	1	22	2769	22	2769	0
1.161	1	1	117	2	1	22	2769	22	2769	0
1.162	1	1	117	3	1	22	2769	22	2769	0
1.162	1	1	117	3	1	22	2769	22	2769	0
1.162	1	1	117	3	1	22	2769	22	2769	0
1.163	1	1	117	4	1	22	2769	22	2769	0
1.163	1	1	117	4	1	22	2769	22	2769	0
1.163	1	1	117	4	1	22	2769	22	2769	0
1.164	1	1	117	5	1	22	2769	22	2769	0
1.164	1	1	117	5	1	22	2769	22	2769	0
1.164	1	1	117	5	1	22	2769	22	2769	0
1.165	1	1	117	6	1	22	2769	22	2769	0
1.165	1	1	117	6	1	22	2769	22	2769	0
1.165	1	1	117	6	1	22	2769	22	2769	0
1.166	1	1	117	7	1	22	2769	22	2769	0
1.166	1	1	117	7	1	22	2769	22	2769	0
1.166	1	1	117	7	1	22	2769	22	2769	0
1.167	1	1	117	8	1	22	2769	22	2769	0
1.167	1	1	117	8	1	22	2769	22	2769	0
1.167	1	1	117	8	1	22	2769	22	2769	0
1.168	1	1	117	9	1	22	2769	22	2769	0
1.168	1	1	117	9	1	22	2769	22	2769	0
1.168	1	1	117	9	1	22	2769	22	2769	0
1.169	1	1	117	10	1	22	2769	22	2769	0
1.169	1	1	117	10	1	22	2769	22	2769	0
1.169	1	1	117	10	1	22	2769	22	2769	0
1.17	1	1	118	1	1	22	2769	22	2769	0
1.17	1	1	118	1	1	22	2769	22	2769	0
1.17	1	1	118	1	1	22	2769	22	2769	0
1.171	1	1	118	2	1	22	2769	22	2769	0
1.171	1	1	118	2	1	22	2769	22	2769	0
1.171	1	1	118	2	1	22	2769	22	2769	0
1.172	1	1	118	3	1	22	2769	22	2769	0
1.172	1	1	118	3	1	22	2769	22	2769	0
1.172	1	1	118	3	1	22	2769	22	2769	0
1.173	1	1	118	4	1	22	2769	22	2769	0
1.173	1	1	118	4	1	22	2769	22	2769	0
1.173	1	1	118	4	1	22	2769	22	2769	0
1.174	1	1	118	5	1	22	2769	22	2769	0
1.174	1	1	118	5	1	22	2769	22	2769	0
1.174	1	1	118	5	1	22	2769	22	2769	0
1.175	1	1	118	6	1	22	2769	22	2769	0
1.175	1	1	118	6	1	22	2769	22	2769	0
1.175	1	1	118	6	1	22	2769	22	2769	0
1.176	1	1	118	7	1	22	2769	22	2769	0
1.176	1	1	118	7	1	22	2769	22	2769	0
1.176	1	1	118	7	1	22	2769	22	2769	0
1.177	1	1	118	8	1	22	2769	22	2769	0
1.177	1	1	118	8	1	22	2769	22	2769	0
1.177	1	1	118	8	1	22	2769	22	2769	0
1.178	1	1	118	9	1	22	2769	22	2769	0
1.178	1	1	118	9	1	22	2769	22	2769	0
1.178	1	1	118	9	1	22	2769	22	2769	0
1.179	1	1	118	10	1	22	2769	22	2769	0
1.179	1	1	118	10	1	22	2769	22	2769	0
1.179	1	1	118	10	1	22	2769	22	2769	0
1.18	1	1	119	1	1	22	2769	22	2769	0
1.18	1	1	119	1	1	22	2769	22	2769	0
1.18	1	1	119	1	1	22	2769	22	2769	0
1.181	1	1	119	2	1	22	2769	22	2769	0
1.181	1	1	119	2	1	22	2769	22	2769	0
1.181	1	1	119	2	1	22	2769	22	2769	0
1.182	1	1	119	3	1	22	2769	22	2769	0
1.182	1	1	119	3	1	22	2769	22	2769	0
1.182	1	1	119	3	1	22	2769	22	2769	0
1.183	1	1	119	4	1	22	2769	22	2769	0
1.183	1	1	119	4	1	22	2769	22	2769	0
1.183	1	1	119	4	1	22	2769	22	2769	0
1.184	1	1	119	5	1	22	2769	22	2769	0
1.184	1	1	119	5	1	22	2769	22	2769	0
1.184	1	1	119	5	1	22	2769	22	2769	0
1.185	1	1	119	6	1	22	2769	22	2769	0
1.185	1	1	119	6	1	22	2769	22	2769	0
1.185	1	1	119	6	1	22	2769	22	2769	0
1.186	1	1	119	7	1	22	2769	22	2769	0
1.186	1	1	119	7	1	22	2769	22	2769	0
1.186	1	1	119	7	1	22	2769	22	2769	0
1.187	1	1	119	8	1	22	2769	22	2769	0
1.187	1	1	119	8	1	22	2769	22	2769	0
1.187	1	1	119	8	1	22	2769	22	2769	0
1.188	1	1	119	9	1	22	2769	22	2769	0
1.188	1	1	119	9	1	22	2769	22	2769	0
1.188	1	1	119	9	1	22	2769	22	2769	0
1.189	1	1	119	10	1	22	2769	22	2769	0
1.189	1	1	119	10	1	22	2769	22	2769	0
1.189	1	1	119	10	1	22	2769	22	2769	0
1.19	1	1	120	1	1	22	2769	22	2769	0
1.19	1	1	120	1	1	22	2769	22	2769	0
1.19	1	1	120	1	1	22	2769	22	2769	0
1.191	1	1	120	2	1	22	2769	22	2769	0
1.191	1	1	120	2	1	22	2769	22	2769	0
1.191	1	1	120	2	1	22	2769	22	2769	0
1.192	1	1	120	3	1	22	2769	22	2769	0
1.192	1	1	120	3	1	22	2769	22	2769	0
1.192	1	1	120	3	1	22	2769	22	2769	0
1.193	1	1	120	4	1	22	2769	22	2769	0
1.193	1	1	120	4	1	22	2769	22	2769	0
1.193	1	1	120	4	1	22	2769	22	2769	0
1.194	1	1	120	5	1	22	2769	22	2769	0
1.194	1	1	120	5	1	22	2769	22	2769	0
1.194	1	1	120	5	1	22	2769	22	2769	0
1.195	1	1	120	6	1	22	2769	22	2769	0
1.195	1	1	120	6	1	22	2769	22	2769	0
1.195	1	1	120	6	1	22	2769	22	2769	0
1.196	1	1	120	7	1	22	2769	22	2769	0
1.196	1	1	120	7	1	22	2769	22	2769	0
1.196	1	1	120	7	1	22	2769	22	2769	0
1.197	1	1	120	8	1	22	2769	22	2769	0
1.197	1	1	120	8	1	22	2769	22	2769	0
1.197	1	1	120	8	1	22	2769	22	2769	0
1.198	1	1	120	9	1	22	2769	22	2769	0
1.198	1	1	120	9	1	22	2769	22	2769	0
1.198	1	1	120	9	1	22	2769	22	2769	0
1.199	1	1	120	10	1	22	2769	22	2769	0
1.199	1	1	120	10	1	22	2769	22	2769	0
1.199	1	1	120	10	1	22	2769	22	2769	0
1.2	1	1	121	1	1	22	2769	22	2769	0
1.2	1	1	121	1	1	22	2769	22	2769	0
1.2	1	1	121	1	1	22	2769	22	2769	0
1.201	1	1	121	2	1	22	2769	22	2769	0
1.201	1	1	121	2	1	22	2769	22	2769	0
1.201	1	1	121	2	1	22	2769	22	2769	0
1.202	1	1	121	3	1	22	2769	22	2769	0
1.202	1	1	121	3	1	22	2769	22	2769	0
1.202	1	1	121	3	1	22	2769	22	2769	0
1.203	1	1	121	4	1	22	2769	22	2769	0
1.203	1	1	121	4	1	22	2769	22	2769	0
1.203	1	1	121	4	1	22	2769	22	2769	0
1.204	1	1	121	5	1	22	2769	22	2769	0
1.204	1	1	121	5	1	22	2769	22	2769	0
1.204	1	1	121	5	1	22	2769	22	2769	0
1.205	1	1	121	6	1	22	2769	22	2769	0
1.205	1	1	121	6	1	22	2769	22	2769	0
1.205	1	1	121	6	1	22	2769	22	2769	0
1.206	1	1	121	7	1	22	2769	22	2769	0
1.206	1	1	121	7	1	22	2769	22	2769	0
1.206	1	1	121	7	1	22	2769	22	2769	0
1.207	1	1	121	8	1	22	2769	22	2769	0
1.207	1	1	121	8	1	22	2769	22	2769	0
1.207	1	1	121	8	1	22	2769	22	2769	0
1.208	1	1	121	9	1	22	2769	22	2769	0
1.208	1	1	121	9	1	22	2769	22	2769	0
1.208	1	1	121	9	1	22	2769	22	2769	0
1.209	1	1	121	10	1	22	2769	22	2769	0
1.209	1	1	121	10	1	22	2769	22	2769	0
1.209	1	1	121	10	1	22	2769	22	2769	0
1.21	1	1	122	1	1	22	2769	22	2769	0
1.21	1	1	122	1	1	22	2769	22	2769	0
1.21	1	1	122	1	1	22	2769	22	2769	0
1.211	1	1	122	2	1	22	2769	22	2769	0
1.211	1	1	122	2	1	22	2769	22	2769	0
1.211	1	1	122	2	1	22	2769	22	2769	0
1.212	1	1	122	3	1	22	2769	22	2769	0
1.212	1	1	122	3	1	22	2769	22	2769	0
1.212	1	1	122	3	1	22	2769	22	2769	0
1.213	1	1	122	4	1	22	2769	22	2769	0
1.213	1	1	122	4	1	22	2769	22	2769	0
1.213	1	1	122	4	1	22	2769	22	2769	0
1.214	1	1	122	5	1	22	2769	22	2769	0
1.214	1	1	122	5	1	22	2769	22	2769	0
1.214	1	1	122	5	1	22	2769	22	2769	0
1.215	1	1	122	6	1	22	2769	22	2769	0
1.215	1	1	122	6	1	22	2769	22	2769	0
1.215	1	1	122	6	1	22	2769	22	2769	0
1.216	1	1	122	7	1	22	2769	22	2769	0
1.216	1	1	122	7	1	22	2769	22	2769	0
1.216	1	1	122	7	1	22	2769	22	2769	0
1.217	1	1	122	8	1	22	2769	22	2769	0
1.217	1	1	122	8	1	22	2769	22	2769	0
1.217	1	1	122	8	1	22	2769	22	2769	0
1.218	1	1	122	9	1	22	2769	22	2769	0
1.218	1	1	122	9	1	22	2769	22	2769	0
1.218	1	1	122	9	1	22	2769	22	2769	0
1.219	1	1	122	10	1	22	2769	22	2769	0
1.219	1	1	122	10	1	22	2769	22	2769	0
1.219	1	1	122	10	1	22	2769	22	2769	0
1.22	1	1	123	1	1	22	2769	22	2769	0
1.22	1	1	123	1	1	22	2769	22	2769	0
1.22	1	1	123	1	1	22	2769	22	2769	0
1.221	1	1	123	2	1	22	2769	22	2769	0
1.221	1	1	123	2	1	22	2769	22	2769	0
1.221	1	1	123	2	1	22	2769	22	2769	0
1.222	1	1	123	3	1	22	2769	22	2769	0
1.222	1	1	123	3	1	22	2769	22	2769	0
1.222	1	1	123	3	1	22	2769	22	2769	0
1.223	1	1	123	4	1	22	2769	22	2769	0
1.223	1	1	123	4	1	22	2769	22	2769	0
1.223	1	1	123	4	1	22	2769	22	2769	0
1.224	1	1	123	5	1	22	2769	22	2769	0
1.224	1	1	123	5	1	22	2769	22	2769	0
1.224	1	1	123	5	1	22	2769	22	2769	0
1.225	1	1	123	6	1	22	2769	22	2769	0
1.225	1	1	123	6	1	22	2769	22	2769	0
1.225	1	1	123	6	1	22	2769	22	2769	0
1.226	1	1	123	7	1	22	2769	22	2769	0
1.226	1	1	123	7	1	22	2769	22	2769	0
1.226	1	1	123	7	1	22	2769	22	2769	0
1.227	1	1	123	8	1	22	2769	22	2769	0
1.227	1	1	123	8	1	22	2769	22	2769	0
1.227	1	1	123	8	1	22	2769	22	2769	0
1.228	1	1	123	9	1	22	2769	22	2769	0
1.228	1	1	123	9	1	22	2769	22	2769	0
1.228	1	1	123	9	1	22	2769	22	2769	0
1.229	1	1	123	10	1	22	2769	22	2769	0
1.229	1	1	123	10	1	22	2769	22	2769	0
1.229	1	1	123	10	1	22	2769	22	2769	0
1.23	1	1	124	1	1	22	2769	22	2769	0
1.23	1	1	124	1	1	22	2769	22	2769	0
1.23	1	1	124	1	1	22	2769	22	2769	0
1.231	1	1	124	2	1	22	2769	22	2769	0
1.231	1	1	124	2	1	22	2769	22	2769	0
1.231	1	1	124	2	1	22	2769	22	2769	0
1.232	1	1	124	3	1	22	2769	22	2769	0
1.232	1	1	124	3	1	22	2769	22	2769	0
1.232	1	1	124	3	1	22	2769	22	2769	0
1.233	1	1	124	4	1	22	2769	22	2769	0
1.233	1	1	124	4	1	22	2769	22	2769	0
1.233	1	1	124	4	1	22	2769	22	2769	0
1.234	1	1	124	5	1	22	2769	22	2769	0
1.234	1	1	124	5	1	22	2769	22	2769	0
1.234	1	1	124	5	1	22	2769	22	2769	0
1.235	1	1	124	6	1	22	2769	22	2769	0
1.235	1	1	124	6	1	22	2769	22	2769	0
1.235	1	1	124	6	1	22	2769	22	2769	0
1.236	1	1	124	7	1	22	2769	22	2769	0
1.236	1	1	124	7	1	22	2769	22	2769	0
1.236	1	1	124	7	1	22	2769	22	2769	0
1.237	1	1	124	8	1	22	2769	22	2769	0
1.237	1	1	124	8	1	22	2769	22	2769	0
1.237	1	1	124	8	1	22	2769	22	2769	0
1.238	1	1	124	9	1	22	2769	22	2769	0
1.238	1	1	124	9	1	22	2769	22	2769	0
1.238	1	1	124	9	1	22	2769	22	2769	0
1.239	1	1	124	10	1	22	2769	22	2769	0
1.239	1	1	124	10	1	22	2769	22	2769	0
1.239	1	1	124	10	1	22	2769	22	2769	0
1.24	1	1	125	1	1	22	2769	22	2769	0
1.24	1	1	125	1	1	22	2769	22	2769	0
1.24	1	1	125	1	1	22	2769	22	2769	0
1.241	1	1	125	2	1	22	2769	22	2769	0
1.241	1	1	125	2	1	22	2769	22	2769	0
1.241	1	1	125	2	1	22	2769	22	2769	0
1.242	1	1	125	3	1	22	2769	22	2769	0
1.242	1	1	125	3	1	22	2769	22	2769	0
1.242	1	1	125	3	1	22	2769	22	2769	0
1.243	1	1	125	4	1	22	2769	22	2769	0
1.243	1	1	125	4	1	22	2769	22	2769	0
1.243	1	1	125	4	1	22	2769	22	2769	0
1.244	1	1	125	5	1	22	2769	22	2769	0
1.244	1	1	125	5	1	22	2769	22	2769	0
1.244	1	1	125	5	1	22	2769	22	2769	0
1.245	1	1	125	6	1	22	2769	22	2769	0
1.245	1	1	125	6	1	22	2769	22	2769	0
1.245	1	1	125	6	1	22	2769	22	2769	0
1.246	1	1	125	7	1	22	2769	22	2769	0
1.246	1	1	125	7	1	22	2769	22	2769	0
1.246	1	1	125	7	1	22	2769	22	2769	0
1.247	1	1	125	8	1	22	2769	22	2769	0
1.247	1	1	125	8	1	22	2769	22	2769	0
1.247	1	1	125	8	1	22	2769	22	2769	0
1.248	1	1	125	9	1	22	2769	22	2769	0
1.248	1	1	125	9	1	22	2769	22	2769	0
1.248	1	1	125	9	1	22	2769	22	2769	0
1.249	1	1	125	10	1	22	2769	22	2769	0
1.249	1	1	125	10	1	22	2769	22	2769	0
1.249	1	1	125	10	1	22	2769	22	2769	0
1.25	1	1	126	1	1	22	2769	22	2769	0
1.25	1	1	126	1	1	22	2769	22	2769	0
1.25	1	1	126	1	1	22	2769	22	2769	0
1.251	1	1	126	2	1	22	2769	22	2769	0
1.251	1	1	126	2	1	22	2769	22	2769	0
1.251	1	1	126	2	1	22	2769	22	2769	0
1.252	1	1	126	3	1	22	2769	22	2769	0
1.252	1	1	126	3	1	22	2769	22	2769	0
1.252	1	1	126	3	1	22	2769	22	2769	0
1.253	1	1	126	4	1	22	2769	22	2769	0
1.253	1	1	126	4	1	22	2769	22	2769	0
1.253	1	1	126	4	1	22	2769	22	2769	0
1.254	1	1	126	5	1	22	2769	22	2769	0
1.254	1	1	126	5	1	22	2769	22	2769	0
1.254	1	1	126	5	1	22	2769	22	2769	0
1.255	1	1	126	6	1	22	2769	22	2769	0
1.255	1	1	126	6	1	22	2769	22	2769	0
1.255	1	1	126	6	1	22	2769	22	2769	0
1.256	1	1	126	7	1	22	2769	22	2769	0
1.256	1	1	126	7	1	22	2769	22	2769	0
1.256	1	1	126	7	1	22	2769	22	2769	0
1.257	1	1	126	8	1	22	2769	22	2769	0
1.257	1	1	126	8	1	22	2769	22	2769	0
1.257	1	1	126	8	1	22	2769	22	2769	0
1.258	1	1	126	9	1	22	2769	22	2769	0
1.258	1	1	126	9	1	22	2769	22	2769	0
1.258	1	1	126	9	1	22	2769	22	2769	0
1.259	1	1	126	10	1	22	2769	22	2769	0
1.259	1	1	126	10	1	22	2769	22	2769	0
1.259	1	1	126	10	1	22	2769	22	2769	0
1.26	1	1	127	1	1	22	2769	22	2769	0
1.26	1	1	127	1	1	22	2769	22	2769	0
1.26	1	1	127	1	1	22	2769	22	2769	0
1.261	1	1	127	2	1	22	2769	22	2769	0
1.261	1	1	127	2	1	22	2769	22	2769	0
1.261	1	1	127	2	1	22	2769	22	2769	0
1.262	1	1	127	3	1	22	2769	22	2769	0
1.262	1	1	127	3	1	22	2769	22	2769	0
1.262	1	1	127	3	1	22	2769	22	2769	0
1.263	1	1	127	4	1	22	2769	22	2769	0
1.263	1	1	127	4	1	22	2769	22	2769	0
1.263	1	1	127	4	1	22	2769	22	2769	0
1.264	1	1	127	5	1	22	2769	22	2769	0
1.264	1	1	127	5	1	22	2769	22	2769	0
1.264	1	1	127	5	1	22	2769	22	2769	0
1.265	1	1	127	6	1	22	2769	22	2769	0
1.265	1	1	127	6	1	22	2769	22	2769	0
1.265	1	1	127	6	1	22	2769	22	2769	0
1.266	1	1	127	7	1	22	2769	22	2769	0
1.266	1	1	127	7	1	22	2769	22	2769	0
1.266	1	1	127	7	1	22	2769	22	2769	0
1.267	1	1	127	8	1	22	2769	22	2769	0
1.267	1	1	127	8	1	22	2769	22	2769	0
1.267	1	1	127	8	1	22	2769	22	2769	0
1.268	1	1	127	9	1	22	2769	22	2769	0
1.268	1	1	127	9	1	22	2769	22	2769	0
1.268	1	1	127	9	1	22	2769	22	2769	0
1.269	1	1	127	10	1	22	2769	22	2769	0
1.269	1	1	127	10	1	22	2769	22	2769	0
1.269	1	1	127	10	1	22	2769	22	2769	0
1.27	1	1	128	1	1	22	2769	22	2769	0
1.27	1	1	128	1	1	22	2769	22	2769	0
1.27	1	1	128	1	1	22	2769	22	2769	0
1.271	1	1	128	2	1	22	2769	22	2769	0
1.271	1	1	128	2	1	22	2769	22	2769	0
1.271	1	1	128	2	1	22	2769	22	2769	0
1.272	1	1	128	3	1	22	2769	22	2769	0
1.272	1	1	128	3	1	22	2769	22	2769	0
1.272	1	1	128	3	1	22	2769	22	2769	0
1.273	1	1	128	4	1	22	2769	22	2769	0
1.273	1	1	128	4	1	22	2769	22	2769	0
1.273	1	1	128	4	1	22	2769	22	2769	0
1.274	1	1	128	5	1	22	2769	22	2769	0
1.274	1	1	128	5	1	22	2769	22	2769	0
1.274	1	1	128	5	1	22	2769	22	2769	0
1.275	1	1	128	6	1	22	2769	22	2769	0
1.275	1	1	128	6	1	22	2769	22	2769	0
1.275	1	1	128	6	1	22	2769	22	2769	0
1.276	1	1	128	7	1	22	2769	22	2769	0
1.276	1	1	128	7	1	22	2769	22	2769	0
1.276	1	1	128	7	1	22	2769	22	2769	0
1.277	1	1	128	8	1	22	2769	22	2769	0
1.277	1	1	128	8	1	22	2769	22	2769	0
1.277	1	1	128	8	1	22	2769	22	2769	0
1.278	1	1	128	9	1	22	2769	22	2769	0
1.278	1	1	128	9	1	22	2769	22	2769	0
1.278	1	1	128	9	1	22	2769	22	2769	0
1.279	1	1	128	10	1	22	2769	22	2769	0
1.279	1	1	128	10	1	22	2769	22	2769	0
1.279	1	1	128	10	1	22	2769	22	2769	0
1.28	1	1	129	1	1	22	2769	22	2769	0
1.28	1	1	129	1	1	22	2769	22	2769	0
1.28	1	1	129	1	1	22	2769	22	2769	0
1.281	1	1	129	2	1	22	2769	22	2769	0
1.281	1	1	129	2	1	22	2769	22	2769	0
1.281	1	1	129	2	1	22	2769	22	2769	0
1.282	1	1	129	3	1	22	2769	22	2769	0
1.282	1	1	129	3	1	22	2769	22	2769	0
1.282	1	1	129	3	1	22	2769	22	2769	0
1.283	1	1	129	4	1	22	2769	22	2769	0
1.283	1	1	129	4	1	22	2769	22	2769	0
1.283	1	1	129	4	1	22	2769	22	2769	0
1.284	1	1	129	5	1	22	2769	22	2769	0
1.284	1	1	129	5	1	22	2769	22	2769	0
1.284	1	1	129	5	1	22	2769	22	2769	0
1.285	1	1	129	6	1	22	2769	22	2769	0
1.285	1	1	129	6	1	22	2769	22	2769	0
1.285	1	1	129	6	1	22	2769	22	2769	0
1.286	1	1	129	7	1	22	2769	22	2769	0
1.286	1	1	129	7	1	22	2769	22	2769	0
1.286	1	1	129	7	1	22	2769	22	2769	0
1.287	1	1	129	8	1	22	2769	22	2769	0
1.287	1	1	129	8	1	22	2769	22	2769	0
1.287	1	1	129	8	1	22	2769	22	2769	0
1.288	1	1	129	9	1	22	2769	22	2769	0
1.288	1	1	129	9	1	22	2769	22	2769	0
1.288	1	1	129	9	1	22	2769	22	2769	0
1.289	1	1	129	10	1	22	2769	22	2769	0
1.289	1	1	129	10	1	22	2769	22	2769	0
1.289	1	1	129	10	1	22	2769	22	2769	0
1.29	1	1	130	1	1	22	2769	22	2769	0
1.29	1	1	130	1	1	22	2769	22	2769	0
1.29	1	1	130	1	1	22	2769	22	2769	0
1.291	1	1	130	2	1	22	2769	22	2769	0
1.291	1	1	130	2	1	22	2769	22	2769	0
1.291	1	1	130	2	1	22	2769	22	2769	0
1.292	1	1	130	3	1	22	2769	22	2769	0
1.292	1	1	130	3	1	22	2769	22	2769	0
1.292	1	1	130	3	1	22	2769	22	2769	0
1.293	1	1	130	4	1	22	2769	22	2769	0
1.293	1	1	130	4	1	22	2769	22	2769	0
1.293	1	1	130	4	1	22	2769	22	2769	0
1.294	1	1	130	5	1	22	2769	22	2769	0
1.294	1	1	130	5	1	22	2769	22	2769	0
1.294	1	1	130	5	1	22	2769	22	2769	0
1.295	1	1	130	6	1	22	2769	22	2769	0
1.295	1	1	130	6	1	22	2769	22	2769	0
1.295	1	1	130	6	1	22	2769	22	2769	0
1.296	1	1	130	7	1	22	2769	22	2769	0
1.296	1	1	130	7	1	22	2769	22	2769	0
1.296	1	1	130	7	1	22	2769	22	2769	0
1.297	1	1	130	8	1	22	2769	22	2769	0
1.297	1	1	130	8	1	22	2769	22	2769	0
1.297	1	1	130	8	1	22	2769	22	2769	0
1.298	1	1	130	9	1	22	2769	22	2769	0
1.298	1	1	130	9	1	22	2769	22	2769	0
1.298	1	1	130	9	1	22	2769	22	2769	0
1.299	1	1	130	10	1	22	2769	22	2769	0
1.299	1	1	130	10	1	22	2769	22	2769	0
1.299	1	1	130	10	1	22	2769	22	2769	0
1.3	1	1	131	1	1	22	2769	22	2769	0
1.3	1	1	131	1	1	22	2769	22	2769	0
1.3	1	1	131	1	1	22	2769	22	2769	0
1.301	1	1	131	2	1	22	2769	22	2769	0
1.301	1	1	131	2	1	22	2769	22	2769	0
1.301	1	1	131	2	1	22	2769	22	2769	0
1.302	1	1	131	3	1	22	2769	22	2769	0
1.302	1	1	131	3	1	22	2769	22	2769	0
1.302	1	1	131	3	1	22	2769	22	2769	0
1.303	1	1	131	4	1	22	2769	22	2769	0
1.303	1	1	131	4	1	22	2769	22	2769	0
1.303	1	1	131	4	1	22	2769	22	2769	0
1.304	1	1	131	5	1	22	2769	22	2769	0
1.304	1	1	131	5	1	22	2769	22	2769	0
1.304	1	1	131	5	1	22	2769	22	2769	0
1.305	1	1	131	6	1	22	2769	22	2769	0
1.305	1	1	131	6	1	22	2769	22	2769	0
1.305	1	1	131	6	1	22	2769	22	2769	0
1.306	1	1	131	7	1	22	2769	22	2769	0
1.306	1	1	131	7	1	22	2769	22	2769	0
1.306	1	1	131	7	1	22	2769	22	2769	0
1.307	1	1	131	8	1	22	2769	22	2769	0
1.307	1	1	131	8	1	22	2769	22	2769	0
1.307	1	1	131	8	1	22	2769	22	2769	0
1.308	1	1	131	9	1	22	2769	22	2769	0
1.308	1	1	131	9	1	22	2769	22	2769	0
1.308	1	1	131	9	1	22	2769	22	2769	0
1.309	1	1	131	10	1	22	2769	22	2769	0
1.309	1	1	131	10	1	22	2769	22	2769	0
1.309	1	1	131	10	1	22	2769	22	2769	0
1.31	1	1	132	1	1	22	2769	22	2769	0
1.31	1	1	132	1	1	22	2769	22	2769	0
1.31	1	1	132	1	1	22	2769	22	2769	0
1.311	1	1	132	2	1	22	2769	22	2769	0
1.311	1	1	132	2	1	22	2769	22	2769	0
1.311	1	1	132	2	1	22	2769	22	2769	0
1.312	1	1	132	3	1	22	2769	22	2769	0
1.312	1	1	132	3	1	22	2769	22	2769	0
1.312	1	1	132	3	1	22	2769	22	2769	0
1.313	1	1	132	4	1	22	2769	22	2769	0
1.313	1	1	132	4	1	22	2769	22	2769	0
1.313	1	1	132	4	1	22	2769	22	2769	0
1.314	1	1	132	5	1	22	2769	22	2769	0
1.314	1	1	132	5	1	22	2769	22	2769	0
1.314	1	1	132	5	1	22	2769	22	2769	0
1.315	1	1	132	6	1	22	2769	22	2769	0
1.315	1	1	132	6	1	22	2769	22	2769	0
1.315	1	1	132	6	1	22	2769	22	2769	0
1.316	1	1	132	7	1	22	2769	22	2769	0
1.316	1	1	132	7	1	22	2769	22	2769	0
1.316	1	1	132	7	1	22	2769	22	2769	0
1.317	1	1	132	8	1	22	2769	22	2769	0
1.317	1	1	132	8	1	22	2769	22	2769	0
1.317	1	1	132	8	1	22	2769	22	2769	0
1.318	1	1	132	9	1	22	2769	22	2769	0
1.318	1	1	132	9	1	22	2769	22	2769	0
1.318	1	1	132	9	1	22	2769	22	2769	0
1.319	1	1	132	10	1	22	2769	22	2769	0
1.319	1	1	132	10	1	22	2769	22	2769	0
1.319	1	1	132	10	1	22	2769	22	2769	0
1.32	1	1	133	1	1	22	2769	22	2769	0
1.32	1	1	133	1	1	22	2769	22	2769	0
1.32	1	1	133	1	1	22	2769	22	2769	0
1.321	1	1	133	2	1	22	2769	22	2769	0
1.321	1	1	133	2	1	22	2769	22	2769	0
1.321	1	1	133	2	1	22	2769	22	2769	0
1.322	1	1	133	3	1	22	2769	22	2769	0
1.322	1	1	133	3	1	22	2769	22	2769	0
1.322	1	1	133	3	1	22	2769	22	2769	0
1.323	1	1	133	4	1	22	2769	22	2769	0
1.323	1	1	133	4	1	22	2769	22	2769	0
1.323	1	1	133	4	1	22	2769	22	2769	0
1.324	1	1	133	5	1	22	2769	22	2769	0
1.324	1	1	133	5	1	22	2769	22	2769	0
1.324	1	1	133	5	1	22	2769	22	2769	0
1.325	1	1	133	6	1	22	2769	22	2769	0
1.325	1	1	133	6	1	22	2769	22	2769	0
1.325	1	1	133	6	1	22	2769	22	2769	0
1.326	1	1	133	7	1	22	2769	22	2769	0
1.326	1	1	133	7	1	22	2769	22	2769	0
1.326	1	1	133	7	1	22	2769	22	2769	0
1.327	1	1	133	8	1	22	2769	22	2769	0
1.327	1	1	133	8	1	22	2769	22	2769	0
1.327	1	1	133	8	1	22	2769	22	2769	0
1.328	1	1	133	9	1	22	2769	22	2769	0
1.328	1	1	133	9	1	22	2769	22	2769	0
1.328	1	1	133	9	1	22	2769	22	2769	0
1.329	1	1	133	10	1	22	2769	22	2769	0
1.329	1	1	133	10	1	22	2769	22	2769	0
1.329	1	1	133	10	1	22	2769	22	2769	0
1.33	1	1	134	1	1	22	2769	22	2769	0
1.33	1	1	134	1	1	22	2769	22	2769	0
1.33	1	1	134	1	1	22	2769	22	2769	0
1.331	1	1	134	2	1	22	2769	22	2769	0
1.331	1	1	134	2	1	22	2769	22	2769	0
1.331	1	1	134	2	1	22	2769	22	2769	0
1.332	1	1	134	3	1	22	2769	22	2769	0
1.332	1	1	134	3	1	22	2769	22	2769	0
1.332	1	1	134	3	1	22	2769	22	2769	0
1.333	1	1	134	4	1	22	2769	22	2769	0
1.333	1	1	134	4	1	22	2769	22	2769	0
1.333	1	1	134	4	1	22	2769	22	2769	0
1.334	1	1	134	5	1	22	2769	22	2769	0
1.334	1	1	134	5	1	22	2769	22	2769	0
1.334	1	1	134	5	1	22	2769	22	2769	0
1.335	1	1	134	6	1	22	2769	22	2769	0
1.335	1	1	134	6	1	22	2769	22	2769	0
1.335	1	1	134	6	1	22	2769	22	2769	0
1.336	1	1	134	7	1	22	2769	22	2769	0
1.336	1	1	134	7	1	22	2769	22	2769	0
1.336	1	1	134	7	1	22	2769	22	2769	0
1.337	1	1	134	8	1	22	2769	22	2769	0
1.337	1	1	134	8	1	22	2769	22	2769	0
1.337	1	1	134	8	1	22	2769	22	2769	0
1.338	1	1	134	9	1	22	2769	22	2769	0
1.338	1	1	134	9	1	22	2769	22	2769	0
1.338	1	1	134	9	1	22	2769	22	2769	0
1.339	1	1	134	10	1	22	2769	22	2769	0
1.339	1	1	134	10	1	22	2769	22	2769	0
1.339	1	1	134	10	1	22	2769	22	2769	0
1.34	1	1	135	1	1	22	2769	22	2769	0
1.34	1	1	135	1	1	22	2769	22	2769	0
1.34	1	1	135	1	1	22	2769	22	2769	0
1.341	1	1	135	2	1	22	2769	22	2769	0
1.341	1	1	135	2	1	22	2769	22	2769	0
1.341	1	1	135	2	1	22	2769	22	2769	0
1.342	1	1	135	3	1	22	2769	22	2769	0
1.342	1	1	135	3	1	22	2769	22	2769	0
1.342	1	1	135	3	1	22	2769	22	2769	0
1.343	1	1	135	4	1	22	2769	22	2769	0
1.343	1	1	135	4	1	22	2769	22	2769	0
1.343	1	1	135	4	1	22	2769	22	2769	0
1.344	1	1	135	5	1	22	2769	22	2769	0
1.344	1	1	135	5	1	22	2769	22	2769	0
1.344	1	1	135	5	1	22	2769	22	2769	0
1.345	1	1	135	6	1	22	2769	22	2769	0
1.345	1	1	135	6	1	22	2769	22	2769	0
1.345	1	1	135	6	1	22	2769	22	2769	0
1.346	1	1	135	7	1	22	2769	22	2769	0
1.346	1	1	135	7	1	22	2769	22	2769	0
1.346	1	1	135	7	1	22	2769	22	2769	0
1.347	1	1	135	8	1	22	2769	22	2769	0
1.347	1	1	135	8	1	22	2769	22	2769	0
1.347	1	1	135	8	1	22	2769	22	2769	0
1.348	1	1	135	9	1	22	2769	22	2769	0
1.348	1	1	135	9	1	22	2769	22	2769	0
1.348	1	1	135	9	1	22	2769	22	2769	0
1.349	1	1	135	10	1	22	2769	22	2769	0
1.349	1	1	135	10	1	22	2769	22	2769	0
1.349	1	1	135	10	1	22	2769	22	2769	0
1.35	1	1	136	1	1	22	2769	22	2769	0
1.35	1	1	136	1	1	22	2769	22	2769	0
1.35	1	1	136	1	1	22	2769	22	2769	0
1.351	1	1	136	2	1	22	2769	22	2769	0
1.351	1	1	136	2	1	22	2769	22	2769	0
1.351	1	1	136	2	1	22	2769	22	2769	0
1.352	1	1	136	3	1	22	2769	22	2769	0
1.352	1	1	136	3	1	22	2769	22	2769	0
1.352	1	1	136	3	1	22	2769	22	2769	0
1.353	1	1	136	4	1	22	2769	22	2769	0
1.353	1	1	136	4	1	22	2769	22	2769	0
1.353	1	1	136	4	1	22	2769	22	2769	0
1.354	1	1	136	5	1	22	2769	22	2769	0
1.354	1	1	136	5	1	22	2769	22	2769	0
1.354	1	1	136	5	1	22	2769	22	2769	0
1.355	1	1	136	6	1	22	2769	22	2769	0
1.355	1	1	136	6	1	22	2769	22	2769	0
1.355	1	1	136	6	1	22	2769	22	2769	0
1.356	1	1	136	7	1	22	2769	22	2769	0
1.356	1	1	136	7	1	22	2769	22	2769	0
1.356	1	1	136	7	1	22	2769	22	2769	0
1.357	1	1	136	8	1	22	2769	22	2769	0
1.357	1	1	136	8	1	22	2769	22	2769	0
1.357	1	1	136	8	1	22	2769	22	2769	0
1.358	1	1	136	9	1	22	2769	22	2769	0
1.358	1	1	136	9	1	22	2769	22	2769	0
1.358	1	1	136	9	1	22	2769	22	2769	0
1.359	1	1	136	10	1	22	2769	22	2769	0
1.359	1	1	136	10	1	22	2769	22	2769	0
1.359	1	1	136	10	1	22	2769	22	2769	0
1.36	1	1	137	1	1	22	2769	22	2769	0
1.36	1	1	137	1	1	22	2769	22	2769	0
1.36	1	1	137	1	1	22	2769	22	2769	0
1.361	1	1	137	2	1	22	2769	22	2769	0
1.361	1	1	137	2	1	22	2769	22	2769	0
1.361	1	1	137	2	1	22	2769	22	2769	0
1.362	1	1	137	3	1	22	2769	22	2769	0
1.362	1	1	137	3	1	22	2769	22	2769	0
1.362	1	1	137	3	1	22	2769	22	2769	0
1.363	1	1	137	4	1	22	2769	22	2769	0
1.363	1	1	137	4	1	22	2769	22	2769	0
1.363	1	1	137	4	1	22	2769	22	2769	0
1.364	1	1	137	5	1	22	2769	22	2769	0
1.364	1	1	137	5	1	22	2769	22	2769	0
1.364	1	1	137	5	1	22	2769	22	2769	0
1.365	1	1	137	6	1	22	2769	22	2769	0
1.365	1	1	137	6	1	22	2769	22	2769	0
1.365	1	1	137	6	1	22	2769	22	2769	0
1.366	1	1	137	7	1	22	2769	22	2769	0
1.366	1	1	137	7	1	22	2769	22	2769	0
1.366	1	1	137	7	1	22	2769	22	2769	0
1.367	1	1	137	8	1	22	2769	22	2769	0
1.367	1	1	137	8	1	22	2769	22	2769	0
1.367	1	1	137	8	1	22	2769	22	2769	0
1.368	1	1	137	9	1	22	2769	22	2769	0
1.368	1	1	137	9	1	22	2769	22	2769	0
1.368	1	1	137	9	1	22	2769	22	2769	0
1.369	1	1	137	10	1	22	2769	22	2769	0
1.369	1	1	137	10	1	22	2769	22	2769	0
1.369	1	1	137	10	1	22	2769	22	2769	0
1.37	1	1	138	1	1	22	2769	22	2769	0
1.37	1	1	138	1	1	22	2769	22	2769	0
1.37	1	1	138	1	1	22	2769	22	2769	0
1.371	1	1	138	2	1	22	2769	22	2769	0
1.371	1	1	138	2	1	22	2769	22	2769	0
1.371	1	1	138	2	1	22	2769	22	2769	0
1.372	1	1	138	3	1	22	2769	22	2769	0
1.372	1	1	138	3	1	22	2769	22	2769	0
1.372	1	1	138	3	1	22	2769	22	2769	0
1.373	1	1	138	4	1	22	2769	22	2769	0
1.373	1	1	138	4	1	22	2769	22	2769	0
1.373	1	1	138	4	1	22	2769	22	2769	0
1.374	1	1	138	5	1	22	2769	22	2769	0
1.374	1	1	138	5	1	22	2769	22	2769	0
1.374	1	1	138	5	1	22	2769	22	2769	0
1.375	1	1	138	6	1	22	2769	22	2769	0
1.375	1	1	138	6	1	22	2769	22	2769	0
1.375	1	1	138	6	1	22	2769	22	2769	0
1.376	1	1	138	7	1	22	2769	22	2769	0
1.376	1	1	138	7	1	22	2769	22	2769	0
1.376	1	1	138	7	1	22	2769	22	2769	0
1.377	1	1	138	8	1	22	2769	22	2769	0
1.377	1	1	138	8	1	22	2769	22	2769	0
1.377	1	1	138	8	1	22	2769	22	2769	0
1.378	1	1	138	9	1	22	2769	22	2769	0
1.378	1	1	138	9	1	22	2769	22	2769	0
1.378	1	1	138	9	1	22	2769	22	2769	0
1.379	1	1	138	10	1	22	2769	22	2769	0
1.379	1	1	138	10	1	22	2769	22	2769	0
1.379	1	1	138	10	1	22	2769	22	2769	0
1.38	1	1	139	1	1	22	2769	22	2769	0
1.38	1	1	139	1	1	22	2769	22	2769	0
1.38	1	1	139	1	1	22	2769	22	2769	0
1.381	1	1	139	2	1	22	2769	22	2769	0
1.381	1	1	139	2	1	22	2769	22	2769	0
1.381	1	1	139	2	1	22	2769	22	2769	0
1.382	1	1	139	3	1	22	2769	22	2769	0
1.382	1	1	139	3	1	22	2769	22	2769	0
1.382	1	1	139	3	1	22	2769	22	2769	0
1.383	1	1	139	4	1	22	2769	22	2769	0
1.383	1	1	139	4	1	22	2769	22	2769	0
1.383	1	1	139	4	1	22	2769	22	2769	0
1.384	1	1	139	5	1	22	2769	22	2769	0
1.384	1	1	139	5	1	22	2769	22	2769	0
1.384	1	1	139	5	1	22	2769	22	2769	0
1.385	1	1	139	6	1	22	2769	22	2769	0
1.385	1	1	139	6	1	22	2769	22	2769	0
1.385	1	1	139	6	1	22	2769	22	2769	0
1.386	1	1	139	7	1	22	2769	22	2769	0
1.386	1	1	139	7	1	22	2769	22	2769	0
1.386	1	1	139	7	1	22	2769	22	2769	0
1.387	1	1	139	8	1	22	2769	22	2769	0
1.387	1	1	139	8	1	22	2769	22	2769	0
1.387	1	1	139	8	1	22	2769	22	2769	0
1.388	1	1	139	9	1	22	2769	22	2769	0
1.388	1	1	139	9	1	22	2769	22	2769	0
1.388	1	1	139	9	1	22	2769	22	2769	0
1.389	1	1	139	10	1	22	2769	22	2769	0
1.389	1	1	139	10	1	22	2769	22	2769	0
1.389	1	1	139	10	1	22	2769	22	2769	0
1.39	1	1	140	1	1	22	2769	22	2769	0
1.39	1	1	140	1	1	22	2769	22	2769	0
1.39	1	1	140	1	1	22	2769	22	2769	0
1.391	1	1	140	2	1	22	2769	22	2769	0
1.391	1	1	140	2	1	22	2769	22	2769	0
1.391	1	1	140	2	1	22	2769	22	2769	0
1.392	1	1	140	3	1	22	2769	22	2769	0
1.392	1	1	140	3	1	22	2769	22	2769	0
1.392	1	1	140	3	1	22	2769	22	2769	0
1.393	1	1	140	4	1	22	2769	22	2769	0
1.393	1	1	140	4	1	22	2769	22	2769	0
1.393	1	1	140	4	1	22	2769	22	2769	0
1.394	1	1	140	5	1	22	2769	22	2769	0
1.394	1	1	140	5	1	22	2769	22	2769	0
1.394	1	1	140	5	1	22	2769	22	2769	0
1.395	1	1	140	6	1	22	2769	22	2769	0
1.395	1	1	140	6	1	22	2769	22	2769	0
1.395	1	1	140	6	1	22	2769	22	2769	0
1.396	1	1	140	7	1	22	2769	22	2769	0
1.396	1	1	140	7	1	22	2769	22	2769	0
1.396	1	1	140	7	1	22	2769	22	2769	0
1.397	1	1	140	8	1	22	2769	22	2769	0
1.397	1	1	140	8	1	22	2769	22	2769	0
1.397	1	1	140	8	1	22	2769	22	2769	0
1.398	1	1	140	9	1	22	2769	22	2769	0
1.398	1	1	140	9	1	22	2769	22	2769	0
1.398	1	1	140	9	1	22	2769	22	2769	0
1.399	1	1	140	10	1	22	2769	22	2769	0
1.399	1	1	140	10	1	22	2769	22	2769	0
1.399	1	1	140	10	1	22	2769	22	2769	0
1.4	1	1	141	1	1	22	2769	22	2769	0
1.4	1	1	141	1	1	22	2769	22	2769	0
1.4	1	1	141	1	1	22	2769	22	2769	0
1.401	1	1	141	2	1	22	2769	22	2769	0
1.401	1	1	141	2	1	22	2769	22	2769	0
1.401	1	1	141	2	1	22	2769	22	2769	0
1.402	1	1	141	3	1	22	2769	22	2769	0
1.402	1	1	141	3	1	22	2769	22	2769	0
1.402	1	1	141	3	1	22	2769	22	2769	0
1.403	1	1	141	4	1	22	2769	22	2769	0
1.403	1	1	141	4	1	22	2769	22	2769	0
1.403	1	1	141	4	1	22	2769	22	2769	0
1.404	1	1	141	5	1	22	2769	22	2769	0
1.404	1	1	141	5	1	22	2769	22	2769	0
1.404	1	1	141	5	1	22	2769	22	2769	0
1.405	1	1	141	6	1	22	2769	22	2769	0
1.405	1	1	141	6	1	22	2769	22	2769	0
1.405	1	1	141	6	1	22	2769	22	2769	0
1.406	1	1	141	7	1	22	2769	22	2769	0
1.406	1	1	141	7	1	22	2769	22	2769	0
1.406	1	1	141	7	1	22	2769	22	2769	0
1.407	1	1	141	8	1	22	2769	22	2769	0
1.407	1	1	141	8	1	22	2769	22	2769	0
1.407	1	1	141	8	1	22	2769	22	2769	0
1.408	1	1	141	9	1	22	2769	22	2769	0
1.408	1	1	141	9	1	22	2769	22	2769	0
1.408	1	1	141	9	1	22	2769	22	2769	0
1.409	1	1	141	10	1	22	2769	22	2769	0
1.409	1	1	141	10	1	22	2769	22	2769	0
1.409	1	1	141	10	1	22	2769	22	2769	0
1.41	1	1	142	1	1	22	2769	22	2769	0
1.41	1	1	142	1	1	22	2769	22	2769	0
1.41	1	1	142	1	1	22	2769	22	2769	0
1.411	1	1	142	2	1	22	2769	22	2769	0
1.411	1	1	142	2	1	22	2769	22	2769	0
1.411	1	1	142	2	1	22	2769	22	2769	0
1.412	1	1	142	3	1	22	2769	22	2769	0
1.412	1	1	142	3	1	22	2769	22	2769	0
1.412	1	1	142	3	1	22	2769	22	2769	0
1.413	1	1	142	4	1	22	2769	22	2769	0
1.413	1	1	142	4	1	22	2769	22	2769	0
1.413	1	1	142	4	1	22	2769	22	2769	0
1.414	1	1	142	5	1	22	2769	22	2769	0
1.414	1	1	142	5	1	22	2769	22	2769	0
1.414	1	1	142	5	1	22	2769	22	2769	0
1.415	1	1	142	6	1	22	2769	22	2769	0
1.415	1	1	142	6	1	22	2769	22	2769	0
1.415	1	1	142	6	1	22	2769	22	2769	0
1.416	1	1	142	7	1	22	2769	22	2769	0
1.416	1	1	142	7	1	22	2769	22	2769	0
1.416	1	1	142	7	1	22	2769	22	2769	0
1.417	1	1	142	8	1	22	2769	22	2769	0
1.417	1	1	142	8	1	22	2769	22	2769	0
1.417	1	1	142	8	1	22	2769	22	2769	0
1.418	1	1	142	9	1	22	2769	22	2769	0
1.418	1	1	142	9	1	22	2769	22	2769	0
1.418	1	1	142	9	1	22	2769	22	2769	0
1.419	1	1	142	10	1	22	2769	22	2769	0
1.419	1	1	142	10	1	22	2769	22	2769	0
1.419	1	1	142	10	1	22	2769	22	2769	0
1.42	1	1	143	1	1	22	2769	22	2769	0
1.42	1	1	143	1	1	22	2769	22	2769	0
1.42	1	1	143	1	1	22	2769	22	2769	0
1.421	1	1	143	2	1	22	2769	22	2769	0
1.421	1	1	143	2	1	22	2769	22	2769	0
1.421	1	1	143	2	1	22	2769	22	2769	0
1.422	1	1	143	3	1	22	2769	22	2769	0
1.422	1	1	143	3	1	22	2769	22	2769	0
1.422	1	1	143	3	1	22	2769	22	2769	0
1.423	1	1	143	4	1	22	2769	22	2769	0
1.423	1	1	143	4	1	22	2769	22	2769	0
1.423	1	1	143	4	1	22	2769	22	2769	0
1.424	1	1	143	5	1	22	2769	22	2769	0
1.424	1	1	143	5	1	22	2769	22	2769	0
1.424	1	1	143	5	1	22	2769	22	2769	0
1.425	1	1	143	6	1	22	2769	22	2769	0
1.425	1	1	143	6	1	22	2769	22	2769	0
1.425	1	1	143	6	1	22	2769	22	2769	0
1.426	1	1	143	7	1	22	2769	22	2769	0
1.426	1	1	143	7	1	22	2769	22	2769	0
1.426	1	1	143	7	1	22	2769	22	2769	0
1.427	1	1	143	8	1	22	2769	22	2769	0
1.427	1	1	143	8	1	22	2769	22	2769	0
1.427	1	1	143	8	1	22	2769	22	2769	0
1.428	1	1	143	9	1	22	2769	22	2769	0
1.428	1	1	143	9	1	22	2769	22	2769	0
1.428	1	1	143	9	1	22	2769	22	2769	0
1.429	1	1	143	10	1	22	2769	22	2769	0
1.429	1	1	143	10	1	22	2769	22	2769	0
1.429	1	1	143	10	1	22	2769	22	2769	0
1.43	1	1	144	1	1	22	2769	22	2769	0
1.43	1	1	144	1	1	22	2769	22	2769	0
1.43	1	1	144	1	1	22	2769	22	2769	0
1.431	1	1	144	2	1	22	2769	22	2769	0
1.431	1	1	144	2	1	22	2769	22	2769	0
1.431	1	1	144	2	1	22	2769	22	2769	0
1.432	1	1	144	3	1	22	2769	22	2769	0
1.432	1	1	144	3	1	22	2769	22	2769	0
1.432	1	1	144	3	1	22	2769	22	2769	0
1.433	1	1	144	4	1	22	2769	22	2769	0
1.433	1	1	144	4	1	22	2769	22	2769	0
1.433	1	1	144	4	1	22	2769	22	2769	0
1.434	1	1	144	5	1	22	2769	22	2769	0
1.434	1	1	144	5	1	22	2769	22	2769	0
1.434	1	1	144	5	1	22	2769	22	2769	0
1.435	1	1	144	6	1	22	2769	22	2769	0
1.435	1	1	144	6	1	22	2769	22	2769	0
1.435	1	1	144	6	1	22	2769	22	2769	0
1.436	1	1	144	7	1	22	2769	22	2769	0
1.436	1	1	144	7	1	22	2769	22	2769	0
1.436	1	1	144	7	1	22	2769	22	2769	0
1.437	1	1	144	8	1	22	2769	22	2769	0
1.437	1	1	144	8	1	22	2769	22	2769	0
1.437	1	1	144	8	1	22	2769	22	2769	0
1.438	1	1	144	9	1	22	2769	22	2769	0
1.438	1	1	144	9	1	22	2769	22	2769	0
1.438	1	1	144	9	1	22	2769	22	2769	0
1.439	1	1	144	10	1	22	2769	22	2769	0
1.439	1	1	144	10	1	22	2769	22	2769	0
1.439	1	1	144	10	1	22	2769	22	2769	0
1.44	1	1	145	1	1	22	2769	22	2769	0
1.44	1	1	145	1	1	22	2769	22	2769	0
1.44	1	1	145	1	1	22	2769	22	2769	0
1.441	1	1	145	2	1	22	2769	22	2769	0
1.441	1	1	145	2	1	22	2769	22	2769	0
1.441	1	1	145	2	1	22	2769	22	2769	0
1.442	1	1	145	3	1	22	2769	22	2769	0
1.442	1	1	145	3	1	22	2769	22	2769	0
1.442	1	1	145	3	1	22	2769	22	2769	0
1.443	1	1	145	4	1	22	2769	22	2769	0
1.443	1	1	145	4	1	22	2769	22	2769	0
1.443	1	1	145	4	1	22	2769	22	2769	0
1.444	1	1	145	5	1	22	2769	22	2769	0
1.444	1	1	145	5	1	22	2769	22	2769	0
1.444	1	1	145	5	1	22	2769	22	2769	0
1.445	1	1	145	6	1	22	2769	22	2769	0
1.445	1	1	145	6	1	22	2769	22	2769	0
1.445	1	1	145	6	1	22	2769	22	2769	0
1.446	1	1	145	7	1	22	2769	22	2769	0
1.446	1	1	145	7	1	22	2769	22	2769	0
1.446	1	1	145	7	1	22	2769	22	2769	0
1.447	1	1	145	8	1	22	2769	22	2769	0
1.447	1	1	145	8	1	22	2769	22	2769	0
1.447	1	1	145	8	1	22	2769	22	2769	0
1.448	1	1	145	9	1	22	2769	22	2769	0
1.448	1	1	145	9	1	22	2769	22	2769	0
1.448	1	1	145	9	1	22	2769	22	2769	0
1.449	1	1	145	10	1	22	2769	22	2769	0
1.449	1	1	145	10	1	22	2769	22	2769	0
1.449	1	1	145	10	1	22	2769	22	2769	0
1.45	1	1	146	1	1	22	2769	22	2769	0
1.45	1	1	146	1	1	22	2769	22	2769	0
1.45	1	1	146	1	1	22	2769	22	2769	0
1.451	1	1	146	2	1	22	2769	22	2769	0
1.451	1	1	146	2	1	22	2769	22	2769	0
1.451	1	1	146	2	1	22	2769	22	2769	0
1.452	1	1	146	3	1	22	2769	22	2769	0
1.452	1	1	146	3	1	22	2769	22	2769	0
1.452	1	1	146	3	1	22	2769	22	2769	0
1.453	1	1	146	4	1	22	2769	22	2769	0
1.453	1	1	146	4	1	22	2769	22	2769	0
1.453	1	1	146	4	1	22	2769	22	2769	0
1.454	1	1	146	5	1	22	2769	22	2769	0
1.454	1	1	146	5	1	22	2769	22	2769	0
1.454	1	1	146	5	1	22	2769	22	2769	0
1.455	1	1	146	6	1	22	2769	22	2769	0
1.455	1	1	146	6	1	22	2769	22	2769	0
1.455	1	1	146	6	1	22	2769	22	2769	0
1.456	1	1	146	7	1	22	2769	22	2769	0
1.456	1	1	146	7	1	22	2769	22	2769	0
1.456	1	1	146	7	1	22	2769	22	2769	0
1.457	1	1	146	8	1	22	2769	22	2769	0
1.457	1	1	146	8	1	22	2769	22	2769	0
1.457	1	1	146	8	1	22	2769	22	2769	0
1.458	1	1	146	9	1	22	2769	22	2769	0
1.458	1	1	146	9	1	22	2769	22	2769	0
1.458	1	1	146	9	1	22	2769	22	2769	0
1.459	1	1	146	10	1	22	2769	22	2769	0
1.459	1	1	146	10	1	22	2769	22	2769	0
1.459	1	1	146	10	1	22	2769	22	2769	0
1.46	1	1	147	1	1	22	2769	22	2769	0
1.46	1	1	147	1	1	22	2769	22	2769	0
1.46	1	1	147	1	1	22	2769	22	2769	0
1.461	1	1	147	2	1	22	2769	22	2769	0
1.461	1	1	147	2	1	22	2769	22	2769	0
1.461	1	1	147	2	1	22	2769	22	2769	0
1.462	1	1	147	3	1	22	2769	22	2769	0
1.462	1	1	147	3	1	22	2769	22	2769	0
1.462	1	1	147	3	1	22	2769	22	2769	0
1.463	1	1	147	4	1	22	2769	22	2769	0
1.463	1	1	147	4	1	22	2769	22	2769	0
1.463	1	1	147	4	1	22	2769	22	2769	0
1.464	1	1	147	5	1	22	2769	22	2769	0
1.464	1	1	147	5	1	22	2769	22	2769	0
1.464	1	1	147	5	1	22	2769	22	2769	0
1.465	1	1	147	6	1	22	2769	22	2769	0
1.465	1	1	147	6	1	22	2769	22	2769	0
1.465	1	1	147	6	1	22	2769	22	2769	0
1.466	1	1	147	7	1	22	2769	22	2769	0
1.466	1	1	147	7	1	22	2769	22	2769	0
1.466	1	1	147	7	1	22	2769	22	2769	0
1.467	1	1	147	8	1	22	2769	22	2769	0
1.467	1	1	147	8	1	22	2769	22	2769	0
1.467	1	1	147	8	1	22	2769	22	2769	0
1.468	1	1	147	9	1	22	2769	22	2769	0
1.468	1	1	147	9	1	22	2769	22	2769	0
1.468	1	1	147	9	1	22	2769	22	2769	0
1.469	1	1	147	10	1	22	2769	22	2769	0
1.469	1	1	147	10	1	22	2769	22	2769	0
1.469	1	1	147	10	1	22	2769	22	2769	0
1.47	1	1	148	1	1	22	2769	22	2769	0
1.47	1	1	148	1	1	22	2769	22	2769	0
1.47	1	1	148	1	1	22	2769	22	2769	0
1.471	1	1	148	2	1	22	2769	22	2769	0
1.471	1	1	148	2	1	22	2769	22	2769	0
1.471	1	1	148	2	1	22	2769	22	2769	0
1.472	1	1	148	3	1	22	2769	22	2769	0
1.472	1	1	148	3	1	22	2769	22	2769	0
1.472	1	1	148	3	1	22	2769	22	2769	0
1.473	1	1	148	4	1	22	2769	22	2769	0
1.473	1	1	148	4	1	22	2769	22	2769	0
1.473	1	1	148	4	1	22	2769	22	2769	0
1.474	1	1	148	5	1	22	2769	22	2769	0
1.474	1	1	148	5	1	22	2769	22	2769	0
1.474	1	1	148	5	1	22	2769	22	2769	0
1.475	1	1	148	6	1	22	2769	22	2769	0
1.475	1	1	148	6	1	22	2769	22	2769	0
1.475	1	1	148	6	1	22	2769	22	2769	0
1.476	1	1	148	7	1	22	2769	22	2769	0
1.476	1	1	148	7	1	22	2769	22	2769	0
1.476	1	1	148	7	1	22	2769	22	2769	0
1.477	1	1	148	8	1	22	2769	22	2769	0
1.477	1	1	148	8	1	22	2769	22	2769	0
1.477	1	1	148	8	1	22	2769	22	2769	0
1.478	1	1	148	9	1	22	2769	22	2769	0
1.478	1	1	148	9	1	22	2769	22	2769	0
1.478	1	1	148	9	1	22	2769	22	2769	0
1.479	1	1	148	10	1	22	2769	22	2769	0
1.479	1	1	148	10	1	22	2769	22	2769	0
1.479	1	1	148	10	1	22	2769	22	2769	0
1.48	1	1	149	1	1	22	2769	22	2769	0
1.48	1	1	149	1	1	22	2769	22	2769	0
1.48	1	1	149	1	1	22	2769	22	2769	0
1.481	1	1	149	2	1	22	2769	22	2769	0
1.481	1	1	149	2	1	22	2769	22	2769	0
1.481	1	1	149	2	1	22	2769	22	2769	0
1.482	1	1	149	3	1	22	2769	22	2769	0
1.482	1	1	149	3	1	22	2769	22	2769	0
1.482	1	1	149	3	1	22	2769	22	2769	0
1.483	1	1	149	4	1	22	2769	22	2769	0
1.483	1	1	149	4	1	22	2769	22	2769	0
1.483	1	1	149	4	1	22	2769	22	2769	0
1.484	1	1	149	5	1	22	2769	22	2769	0
1.484	1	1	149	5	1	22	2769	22	2769	0
1.484	1	1	149	5	1	22	2769	22	2769	0
1.485	1	1	149	6	1	22	2769	22	2769	0
1.485	1	1	149	6	1	22	2769	22	2769	0
1.485	1	1	149	6	1	22	2769	22	2769	0
1.486	1	1	149	7	1	22	2769	22	2769	0
1.486	1	1	149	7	1	22	2769	22	2769	0
1.486	1	1	149	7	1	22	2769	22	2769	0
1.487	1	1	149	8	1	22	2769	22	2769	0
1.487	1	1	149	8	1	22	2769	22	2769	0
1.487	1	1	149	8	1	22	2769	22	2769	0
1.488	1	1	149	9	1	22	2769	22	2769	0
1.488	1	1	149	9	1	22	2769	22	2769	0
1.488	1	1	149	9	1	22	2769	22	2769	0
1.489	1	1	149	10	1	22	2769	22	2769	0
1.489	1	1	149	10	1	22	2769	22	2769	0
1.489	1	1	149	10	1	22	2769	22	2769	0
1.49	1	1	150	1	1	22	2769	22	2769	0
1.49	1	1	150	1	1	22	2769	22	2769	0
1.49	1	1	150	1	1	22	2769	22	2769	0
1.491	1	1	150	2	1	22	2769	22	2769	0
1.491	1	1	150	2	1	22	2769	22	2769	0
1.491	1	1	150	2	1	22	2769	22	2769	0
1.492	1	1	150	3	1	22	2769	22	2769	0
1.492	1	1	150	3	1	22	2769	22	2769	0
1.492	1	1	150	3	1	22	2769	22	2769	0
1.493	1	1	150	4	1	22	2769	22	2769	0
1.493	1	1	150	4	1	22	2769	22	2769	0
1.493	1	1	150	4	1	22	2769	22	2769	0
1.494	1	1	150	5	1	22	2769	22	2769	0
1.494	1	1	150	5	1	22	2769	22	2769	0
1.494	1	1	150	5	1	22	2769	22	2769	0
1.495	1	1	150	6	1	22	2769	22	2769	0
1.495	1	1	150	6	1	22	2769	22	2769	0
1.495	1	1	150	6	1	22	2769	22	2769	0
1.496	1	1	150	7	1	22	2769	22	2769	0
1.496	1	1	150	7	1	22	2769	22	2769	0
1.496	1	1	150	7	1	22	2769	22	2769	0
1.497	1	1	150	8	1	22	2769	22	2769	0
1.497	1	1	150	8	1	22	2769	22	2769	0
1.497	1	1	150	8	1	22	2769	22	2769	0
1.498	1	1	150	9	1	22	2769	22	2769	0
1.498	1	1	150	9	1	22	2769	22	2769	0
1.498	1	1	150	9	1	22	2769	22	2769	0
1.499	1	1	150	10	1	22	2769	22	2769	0
1.499	1	1	150	10	1	22	2769	22	2769	0
1.499	1	1	150	10	1	22	2769	22	2769	0
1.5	1	1	151	1	1	22	2769	22	2769	0
1.5	1	1	151	1	1	22	2769	22	2769	0
1.5	1	1	151	1	1	22	2769	22	2769	0
1.501	1	1	151	2	1	22	2769	22	2769	0
1.501	1	1	151	2	1	22	2769	22	2769	0
1.501	1	1	151	2	1	22	2769	22	2769	0
1.502	1	1	151	3	1	22	2769	22	2769	0
1.502	1	1	151	3	1	22	2769	22	2769	0
1.502	1	1	151	3	1	22	2769	22	2769	0
1.503	1	1	151	4	1	22	2769	22	2769	0
1.503	1	1	151	4	1	22	2769	22	2769	0
1.503	1	1	151	4	1	22	2769	22	2769	0
1.504	1	1	151	5	1	22	2769	22	2769	0
1.504	1	1	151	5	1	22	2769	22	2769	0
1.504	1	1	151	5	1	22	2769	22	2769	0
1.505	1	1	151	6	1	22	2769	22	2769	0
1.505	1	1	151	6	1	22	2769	22	2769	0
1.505	1	1	151	6	1	22	2769	22	2769	0
1.506	1	1	151	7	1	22	2769	22	2769	0
1.506	1	1	151	7	1	22	2769	22	2769	0
1.506	1	1	151	7	1	22	2769	22	2769	0
1.507	1	1	151	8	1	22	2769	22	2769	0
1.507	1	1	151	8	1	22	2769	22	2769	0
1.507	1	1	151	8	1	22	2769	22	2769	0
1.508	1	1	151	9	1	22	2769	22	2769	0
1.508	1	1	151	9	1	22	2769	22	2769	0
1.508	1	1	151	9	1	22	2769	22	2769	0
1.509	1	1	151	10	1	22	2769	22	2769	0
1.509	1	1	151	10	1	22	2769	22	2769	0
1.509	1	1	151	10	1	22	2769	22	2769	0
1.51	1	1	152	1	1	22	2769	22	2769	0
1.51	1	1	152	1	1	22	2769	22	2769	0
1.51	1	1	152	1	1	22	2769	22	2769	0
1.511	1	1	152	2	1	22	2769	22	2769	0
1.511	1	1	152	2	1	22	2769	22	2769	0
1.511	1	1	152	2	1	22	2769	22	2769	0
1.512	1	1	152	3	1	22	2769	22	2769	0
1.512	1	1	152	3	1	22	2769	22	2769	0
1.512	1	1	152	3	1	22	2769	22	2769	0
1.513	1	1	152	4	1	22	2769	22	2769	0
1.513	1	1	152	4	1	22	2769	22	2769	0
1.513	1	1	152	4	1	22	2769	22	2769	0
1.514	1	1	152	5	1	22	2769	22	2769	0
1.514	1	1	152	5	1	22	2769	22	2769	0
1.514	1	1	152	5	1	22	2769	22	2769	0
1.515	1	1	152	6	1	22	2769	22	2769	0
1.515	1	1	152	6	1	22	2769	22	2769	0
1.515	1	1	152	6	1	22	2769	22	2769	0
1.516	1	1	152	7	1	22	2769	22	2769	0
1.516	1	1	152	7	1	22	2769	22	2769	0
1.516	1	1	152	7	1	22	2769	22	2769	0
1.517	1	1	152	8	1	22	2769	22	2769	0
1.517	1	1	152	8	1	22	2769	22	2769	0
1.517	1	1	152	8	1	22	2769	22	2769	0
1.518	1	1	152	9	1	22	2769	22	2769	0
1.518	1	1	152	9	1	22	2769	22	2769	0
1.518	1	1	152	9	1	22	2769	22	2769	0
1.519	1	1	152	10	1	22	2769	22	2769	0
1.519	1	1	152	10	1	22	2769	22	2769	0
1.519	1	1	152	10	1	22	2769	22	2769	0
1.52	1	1	153	1	1	22	2769	22	2769	0
1.52	1	1	153	1	1	22	2769	22	2769	0
1.52	1	1	153	1	1	22	2769	22	2769	0
1.521	1	1	153	2	1	22	2769	22	2769	0
1.521	1	1	153	2	1	22	2769	22	2769	0
1.521	1	1	153	2	1	22	2769	22	2769	0
1.522	1	1	153	3	1	22	2769	22	2769	0
1.522	1	1	153	3	1	22	2769	22	2769	0
1.522	1	1	153	3	1	22	2769	22	2769	0
1.523	1	1	153	4	1	22	2769	22	2769	0
1.523	1	1	153	4	1	22	2769	22	2769	0
1.523	1	1	153	4	1	22	2769	22	2769	0
1.524	1	1	153	5	1	22	2769	22	2769	0
1.524	1	1	153	5	1	22	2769	22	2769	0
1.524	1	1	153	5	1	22	2769	22	2769	0
1.525	1	1	153	6	1	22	2769	22	2769	0
1.525	1	1	153	6	1	22	2769	22	2769	0
1.525	1	1	153	6	1	22	2769	22	2769	0
1.526	1	1	153	7	1	22	2769	22	2769	0
1.526	1	1	153	7	1	22	2769	22	2769	0
1.526	1	1	153	7	1	22	2769	22	2769	0
1.527	1	1	153	8	1	22	2769	22	2769	0
1.527	1	1	153	8	1	22	2769	22	2769	0
1.527	1	1	153	8	1	22	2769	22	2769	0
1.528	1	1	153	9	1	22	2769	22	2769	0
1.528	1	1	153	9	1	22	2769	22	2769	0
1.528	1	1	153	9	1	22	2769	22	2769	0
1.529	1	1	153	10	1	22	2769	22	2769	0
1.529	1	1	153	10	1	22	2769	22	2769	0
1.529	1	1	153	10	1	22	2769	22	2769	0
1.53	1	1	154	1	1	22	2769	22	2769	0
1.53	1	1	154	1	1	22	2769	22	2769	0
1.53	1	1	154	1	1	22	2769	22	2769	0
1.531	1	1	154	2	1	22	2769	22	2769	0
1.531	1	1	154	2	1	22	2769	22	2769	0
1.531	1	1	154	2	1	22	2769	22	2769	0
1.532	1	1	154	3	1	22	2769	22	2769	0
1.532	1	1	154	3	1	22	2769	22	2769	0
1.532	1	1	154	3	1	22	2769	22	2769	0
1.533	1	1	154	4	1	22	2769	22	2769	0
1.533	1	1	154	4	1	22	2769	22	2769	0
1.533	1	1	154	4	1	22	2769	22	2769	0
1.534	1	1	154	5	1	22	2769	22	2769	0
1.534	1	1	154	5	1	22	2769	22	2769	0
1.534	1	1	154	5	1	22	2769	22	2769	0
1.535	1	1	154	6	1	22	2769	22	2769	0
1.535	1	1	154	6	1	22	2769	22	2769	0
1.535	1	1	154	6	1	22	2769	22	2769	0
1.536	1	1	154	7	1	22	2769	22	2769	0
1.536	1	1	154	7	1	22	2769	22	2769	0
1.536	1	1	154	7	1	22	2769	22	2769	0
1.537	1	1	154	8	1	22	2769	22	2769	0
1.537	1	1	154	8	1	22	2769	22	2769	0
1.537	1	1	154	8	1	22	2769	22	2769	0
1.538	1	1	154	9	1	22	2769	22	2769	0
1.538	1	1	154	9	1	22	2769	22	2769	0
1.538	1	1	154	9	1	22	2769	22	2769	0
1.539	1	1	154	10	1	22	2769	22	2769	0
1.539	1	1	154	10	1	22	2769	22	2769	0
1.539	1	1	154	10	1	22	2769	22	2769	0
1.54	1	1	155	1	1	22	2769	22	2769	0
1.54	1	1	155	1	1	22	2769	22	2769	0
1.54	1	1	155	1	1	22	2769	22	2769	0
1.541	1	1	155	2	1	22	2769	22	2769	0
1.541	1	1	155	2	1	22	2769	22	2769	0
1.541	1	1	155	2	1	22	2769	22	2769	0
1.542	1	1	155	3	1	22	2769	22	2769	0
1.542	1	1	155	3	1	22	2769	22	2769	0
1.542	1	1	155	3	1	22	2769	22	2769	0
1.543	1	1	155	4	1	22	2769	22	2769	0
1.543	1	1	155	4	1	22	2769	22	2769	0
1.543	1	1	155	4	1	22	2769	22	2769	0
1.544	1	1	155	5	1	22	2769	22	2769	0
1.544	1	1	155	5	1	22	2769	22	2769	0
1.544	1	1	155	5	1	22	2769	22	2769	0
1.545	1	1	155	6	1	22	2769	22	2769	0
1.545	1	1	155	6	1	22	2769	22	2769	0
1.545	1	1	155	6	1	22	2769	22	2769	0
1.546	1	1	155	7	1	22	2769	22	2769	0
1.546	1	1	155	7	1	22	2769	22	2769	0
1.546	1	1	155	7	1	22	2769	22	2769	0
1.547	1	1	155	8	1	22	2769	22	2769	0
1.547	1	1	155	8	1	22	2769	22	2769	0
1.547	1	1	155	8	1	22	2769	22	2769	0
1.548	1	1	155	9	1	22	2769	22	2769	0
1.548	1	1	155	9	1	22	2769	22	2769	0
1.548	1	1	155	9	1	22	2769	22	2769	0
1.549	1	1	155	10	1	22	2769	22	2769	0
1.549	1	1	155	10	1	22	2769	22	2769	0
1.549	1	1	155	10	1	22	2769	22	2769	0
1.55	1	1	156	1	1	22	2769	22	2769	0
1.55	1	1	156	1	1	22	2769	22	2769	0
1.55	1	1	156	1	1	22	2769	22	2769	0
1.551	1	1	156	2	1	22	2769	22	2769	0
1.551	1	1	156	2	1	22	2769	22	2769	0
1.551	1	1	156	2	1	22	2769	22	2769	0
1.552	1	1	156	3	1	22	2769	22	2769	0
1.552	1	1	156	3	1	22	2769	22	2769	0
1.552	1	1	156	3	1	22	2769	22	2769	0
1.553	1	1	156	4	1	22	2769	22	2769	0
1.553	1	1	156	4	1	22	2769	22	2769	0
1.553	1	1	156	4	1	22	2769	22	2769	0
1.554	1	1	156	5	1	22	2769	22	2769	0
1.554	1	1	156	5	1	22	2769	22	2769	0
1.554	1	1	156	5	1	22	2769	22	2769	0
1.555	1	1	156	6	1	22	2769	22	2769	0
1.555	1	1	156	6	1	22	2769	22	2769	0
1.555	1	1	156	6	1	22	2769	22	2769	0
1.556	1	1	156	7	1	22	2769	22	2769	0
1.556	1	1	156	7	1	22	2769	22	2769	0
1.556	1	1	156	7	1	22	2769	22	2769	0
1.557	1	1	156	8	1	22	2769	22	2769	0
1.557	1	1	156	8	1	22	2769	22	2769	0
1.557	1	1	156	8	1	22	2769	22	2769	0
1.558	1	1	156	9	1	22	2769	22	2769	0
1.558	1	1	156	9	1	22	2769	22	2769	0
1.558	1	1	156	9	1	22	2769	22	2769	0
1.559	1	1	156	10	1	22	2769	22	2769	0
1.559	1	1	156	10	1	22	2769	22	2769	0
1.559	1	1	156	10	1	22	2769	22	2769	0
1.56	1	1	157	1	1	22	2769	22	2769	0
1.56	1	1	157	1	1	22	2769	22	2769	0
1.56	1	1	157	1	1	22	2769	22	2769	0
1.561	1	1	157	2	1	22	2769	22	2769	0
1.561	1	1	157	2	1	22	2769	22	2769	0
1.561	1	1	157	2	1	22	2769	22	2769	0
1.562	1	1	157	3	1	22	2769	22	2769	0
1.562	1	1	157	3	1	22	2769	22	2769	0
1.562	1	1	157	3	1	22	2769	22	2769	0
1.563	1	1	157	4	1	22	2769	22	2769	0
1.563	1	1	157	4	1	22	2769	22	2769	0
1.563	1	1	157	4	1	22	2769	22	2769	0
1.564	1	1	157	5	1	22	2769	22	2769	0
1.564	1	1	157	5	1	22	2769	22	2769	0
1.564	1	1	157	5	1	22	2769	22	2769	0
1.565	1	1	157	6	1	22	2769	22	2769	0
1.565	1	1	157	6	1	22	2769	22	2769	0
1.565	1	1	157	6	1	22	2769	22	2769	0
1.566	1	1	157	7	1	22	2769	22	2769	0
1.566	1	1	157	7	1	22	2769	22	2769	0
1.566	1	1	157	7	1	22	2769	22	2769	0
1.567	1	1	157	8	1	22	2769	22	2769	0
1.567	1	1	157	8	1	22	2769	22	2769	0
1.567	1	1	157	8	1	22	2769	22	2769	0
1.568	1	1	157	9	1	22	2769	22	2769	0
1.568	1	1	157	9	1	22	2769	22	2769	0
1.568	1	1	157	9	1	22	2769	22	2769	0
1.569	1	1	157	10	1	22	2769	22	2769	0
1.569	1	1	157	10	1	22	2769	22	2769	0
1.569	1	1	157	10	1	22	2769	22	2769	0
1.57	1	1	158	1	1	22	2769	22	2769	0
1.57	1	1	158	1	1	22	2769	22	2769	0
1.57	1	1	158	1	1	22	2769	22	2769	0
1.571	1	1	158	2	1	22	2769	22	2769	0
1.571	1	1	158	2	1	22	2769	22	2769	0
1.571	1	1	158	2	1	22	2769	22	2769	0
1.572	1	1	158	3	1	22	2769	22	2769	0
1.572	1	1	158	3	1	22	2769	22	2769	0
1.572	1	1	158	3	1	22	2769	22	2769	0
1.573	1	1	158	4	1	22	2769	22	2769	0
1.573	1	1	158	4	1	22	2769	22	2769	0
1.573	1	1	158	4	1	22	2769	22	2769	0
1.574	1	1	158	5	1	22	2769	22	2769	0
1.574	1	1	158	5	1	22	2769	22	2769	0
1.574	1	1	158	5	1	22	2769	22	2769	0
1.575	1	1	158	6	1	22	2769	22	2769	0
1.575	1	1	158	6	1	22	2769	22	2769	0
1.575	1	1	158	6	1	22	2769	22	2769	0
1.576	1	1	158	7	1	22	2769	22	2769	0
1.576	1	1	158	7	1	22	2769	22	2769	0
1.576	1	1	158	7	1	22	2769	22	2769	0
1.577	1	1	158	8	1	22	2769	22	2769	0
1.577	1	1	158	8	1	22	2769	22	2769	0
1.577	1	1	158	8	1	22	2769	22	2769	0
1.578	1	1	158	9	1	22	2769	22	2769	0
1.578	1	1	158	9	1	22	2769	22	2769	0
1.578	1	1	158	9	1	22	2769	22	2769	0
1.579	1	1	158	10	1	22	2769	22	2769	0
1.579	1	1	158	10	1	22	2769	22	2769	0
1.579	1	1	158	10	1	22	2769	22	2769	0
1.58	1	1	159	1	1	22	2769	22	2769	0
1.58	1	1	159	1	1	22	2769	22	2769	0
1.58	1	1	159	1	1	22	2769	22	2769	0
1.581	1	1	159	2	1	22	2769	22	2769	0
1.581	1	1	159	2	1	22	2769	22	2769	0
1.581	1	1	159	2	1	22	2769	22	2769	0
1.582	1	1	159	3	1	22	2769	22	2769	0
1.582	1	1	159	3	1	22	2769	22	2769	0
1.582	1	1	159	3	1	22	2769	22	2769	0
1.583	1	1	159	4	1	22	2769	22	2769	0
1.583	1	1	159	4	1	22	2769	22	2769	0
1.583	1	1	159	4	1	22	2769	22	2769	0
1.584	1	1	159	5	1	22	2769	22	2769	0
1.584	1	1	159	5	1	22	2769	22	2769	0
1.584	1	1	159	5	1	22	2769	22	2769	0
1.585	1	1	159	6	1	22	2769	22	2769	0
1.585	1	1	159	6	1	22	2769	22	2769	0
1.585	1	1	159	6	1	22	2769	22	2769	0
1.586	1	1	159	7	1	22	2769	22	2769	0
1.586	1	1	159	7	1	22	2769	22	2769	0
1.586	1	1	159	7	1	22	2769	22	2769	0
1.587	1	1	159	8	1	22	2769	22	2769	0
1.587	1	1	159	8	1	22	2769	22	2769	0
1.587	1	1	159	8	1	22	2769	22	2769	0
1.588	1	1	159	9	1	22	2769	22	2769	0
1.588	1	1	159	9	1	22	2769	22	2769	0
1.588	1	1	159	9	1	22	2769	22	2769	0
1.589	1	1	159	10	1	22	2769	22	2769	0
1.589	1	1	159	10	1	22	2769	22	2769	0
1.589	1	1	159	10	1	22	2769	22	2769	0
1.59	1	1	160	1	1	22	2769	22	2769	0
1.59	1	1	160	1	1	22	2769	22	2769	0
1.59	1	1	160	1	1	22	2769	22	2769	0
1.591	1	1	160	2	1	22	2769	22	2769	0
1.591	1	1	160	2	1	22	2769	22	2769	0
1.591	1	1	160	2	1	22	2769	22	2769	0
1.592	1	1	160	3	1	22	2769	22	2769	0
1.592	1	1	160	3	1	22	2769	22	2769	0
1.592	1	1	160	3	1	22	2769	22	2769	0
1.593	1	1	160	4	1	22	2769	22	2769	0
1.593	1	1	160	4	1	22	2769	22	2769	0
1.593	1	1	160	4	1	22	2769	22	2769	0
1.594	1	1	160	5	1	22	2769	22	2769	0
1.594	1	1	160	5	1	22	2769	22	2769	0
1.594	1	1	160	5	1	22	2769	22	2769	0
1.595	1	1	160	6	1	22	2769	22	2769	0
1.595	1	1	160	6	1	22	2769	22	2769	0
1.595	1	1	160	6	1	22	2769	22	2769	0
1.596	1	1	160	7	1	22	2769	22	2769	0
1.596	1	1	160	7	1	22	2769	22	2769	0
1.596	1	1	160	7	1	22	2769	22	2769	0
1.597	1	1	160	8	1	22	2769	22	2769	0
1.597	1	1	160	8	1	22	2769	22	2769	0
1.597	1	1	160	8	1	22	2769	22	2769	0
1.598	1	1	160	9	1	22	2769	22	2769	0
1.598	1	1	160	9	1	22	2769	22	2769	0
1.598	1	1	160	9	1	22	2769	22	2769	0
1.599	1	1	160	10	1	22	2769	22	2769	0
1.599	1	1	160	10	1	22	2769	22	2769	0
1.599	1	1	160	10	1	22	2769	22	2769	0
1.6	1	1	161	1	1	22	2769	22	2769	0
1.6	1	1	161	1	1	22	2769	22	2769	0
1.6	1	1	161	1	1	22	2769	22	2769	0
1.601	1	1	161	2	1	22	2769	22	2769	0
1.601	1	1	161	2	1	22	2769	22	2769	0
1.601	1	1	161	2	1	22	2769	22	2769	0
1.602	1	1	161	3	1	22	2769	22	2769	0
1.602	1	1	161	3	1	22	2769	22	2769	0
1.602	1	1	161	3	1	22	2769	22	2769	0
1.603	1	1	161	4	1	22	2769	22	2769	0
1.603	1	1	161	4	1	22	2769	22	2769	0
1.603	1	1	161	4	1	22	2769	22	2769	0
1.604	1	1	161	5	1	22	2769	22	2769	0
1.604	1	1	161	5	1	22	2769	22	2769	0
1.604	1	1	161	5	1	22	2769	22	2769	0
1.605	1	1	161	6	1	22	2769	22	2769	0
1.605	1	1	161	6	1	22	2769	22	2769	0
1.605	1	1	161	6	1	22	2769	22	2769	0
1.606	1	1	161	7	1	22	2769	22	2769	0
1.606	1	1	161	7	1	22	2769	22	2769	0
1.606	1	1	161	7	1	22	2769	22	2769	0
1.607	1	1	161	8	1	22	2769	22	2769	0
1.607	1	1	161	8	1	22	2769	22	2769	0
1.607	1	1	161	8	1	22	2769	22	2769	0
1.608	1	1	161	9	1	22	2769	22	2769	0
1.608	1	1	161	9	1	22	2769	22	2769	0
1.608	1	1	161	9	1	22	2769	22	2769	0
1.609	1	1	161	10	1	22	2769	22	2769	0
1.609	1	1	161	10	1	22	2769	22	2769	0
1.609	1	1	161	10	1	22	2769	22	2769	0
1.61	1	1	162	1	1	22	2769	22	2769	0
1.61	1	1	162	1	1	22	2769	22	2769	0
1.61	1	1	162	1	1	22	2769	22	2769	0
1.611	1	1	162	2	1	22	2769	22	2769	0
1.611	1	1	162	2	1	22	2769	22	2769	0
1.611	1	1	162	2	1	22	2769	22	2769	0
1.612	1	1	162	3	1	22	2769	22	2769	0
1.612	1	1	162	3	1	22	2769	22	2769	0
1.612	1	1	162	3	1	22	2769	22	2769	0
1.613	1	1	162	4	1	22	2769	22	2769	0
1.613	1	1	162	4	1	22	2769	22	2769	0
1.613	1	1	162	4	1	22	2769	22	2769	0
1.614	1	1	162	5	1	22	2769	22	2769	0
1.614	1	1	162	5	1	22	2769	22	2769	0
1.614	1	1	162	5	1	22	2769	22	2769	0
1.615	1	1	162	6	1	22	2769	22	2769	0
1.615	1	1	162	6	1	22	2769	22	2769	0
1.615	1	1	162	6	1	22	2769	22	2769	0
1.616	1	1	162	7	1	22	2769	22	2769	0
1.616	1	1	162	7	1	22	2769	22	2769	0
1.616	1	1	162	7	1	22	2769	22	2769	0
1.617	1	1	162	8	1	22	2769	22	2769	0
1.617	1	1	162	8	1	22	2769	22	2769	0
1.617	1	1	162	8	1	22	2769	22	2769	0
1.618	1	1	162	9	1	22	2769	22	2769	0
1.618	1	1	162	9	1	22	2769	22	2769	0
1.618	1	1	162	9	1	22	2769	22	2769	0
1.619	1	1	162	10	1	22	2769	22	2769	0
1.619	1	1	162	10	1	22	2769	22	2769	0
1.619	1	1	162	10	1	22	2769	22	2769	0
1.62	1	1	163	1	1	22	2769	22	2769	0
1.62	1	1	163	1	1	22	2769	22	2769	0
1.62	1	1	163	1	1	22	2769	22	2769	0
1.621	1	1	163	2	1	22	2769	22	2769	0
1.621	1	1	163	2	1	22	2769	22	2769	0
1.621	1	1	163	2	1	22	2769	22	2769	0
1.622	1	1	163	3	1	22	2769	22	2769	0
1.622	1	1	163	3	1	22	2769	22	2769	0
1.622	1	1	163	3	1	22	2769	22	2769	0
1.623	1	1	163	4	1	22	2769	22	2769	0
1.623	1	1	163	4	1	22	2769	22	2769	0
1.623	1	1	163	4	1	22	2769	22	2769	0
1.624	1	1	163	5	1	22	2769	22	2769	0
1.624	1	1	163	5	1	22	2769	22	2769	0
1.624	1	1	163	5	1	22	2769	22	2769	0
1.625	1	1	163	6	1	22	2769	22	2769	0
1.625	1	1	163	6	1	22	2769	22	2769	0
1.625	1	1	163	6	1	22	2769	22	2769	0
1.626	1	1	163	7	1	22	2769	22	2769	0
1.626	1	1	163	7	1	22	2769	22	2769	0
1.626	1	1	163	7	1	22	2769	22	2769	0
1.627	1	1	163	8	1	22	2769	22	2769	0
1.627	1	1	163	8	1	22	2769	22	2769	0
1.627	1	1	163	8	1	22	2769	22	2769	0
1.628	1	1	163	9	1	22	2769	22	2769	0
1.628	1	1	163	9	1	22	2769	22	2769	0
1.628	1	1	163	9	1	22	2769	22	2769	0
1.629	1	1	163	10	1	22	2769	22	2769	0
1.629	1	1	163	10	1	22	2769	22	2769	0
1.629	1	1	163	10	1	22	2769	22	2769	0
1.63	1	1	164	1	1	22	2769	22	2769	0
1.63	1	1	164	1	1	22	2769	22	2769	0
1.63	1	1	164	1	1	22	2769	22	2769	0
1.631	1	1	164	2	1	22	2769	22	2769	0
1.631	1	1	164	2	1	22	2769	22	2769	0
1.631	1	1	164	2	1	22	2769	22	2769	0
1.632	1	1	164	3	1	22	2769	22	2769	0
1.632	1	1	164	3	1	22	2769	22	2769	0
1.632	1	1	164	3	1	22	2769	22	2769	0
1.633	1	1	164	4	1	22	2769	22	2769	0
1.633	1	1	164	4	1	22	2769	22	2769	0
1.633	1	1	164	4	1	22	2769	22	2769	0
1.634	1	1	164	5	1	22	2769	22	2769	0
1.634	1	1	164	5	1	22	2769	22	2769	0
1.634	1	1	164	5	1	22	2769	22	2769	0
1.635	1	1	164	6	1	22	2769	22	2769	0
1.635	1	1	164	6	1	22	2769	22	2769	0
1.635	1	1	164	6	1	22	2769	22	2769	0
1.636	1	1	164	7	1	22	2769	22	2769	0
1.636	1	1	164	7	1	22	2769	22	2769	0
1.636	1	1	164	7	1	22	2769	22	2769	0
1.637	1	1	164	8	1	22	2769	22	2769	0
1.637	1	1	164	8	1	22	2769	22	2769	0
1.637	1	1	164	8	1	22	2769	22	2769	0
1.638	1	1	164	9	1	22	2769	22	2769	0
1.638	1	1	164	9	1	22	2769	22	2769	0
1.638	1	1	164	9	1	22	2769	22	2769	0
1.639	1	1	164	10	1	22	2769	22	2769	0
1.639	1	1	164	10	1	22	2769	22	2769	0
1.639	1	1	164	10	1	22	2769	22	2769	0
1.64	1	1	165	1	1	22	2769	22	2769	0
1.64	1	1	165	1	1	22	2769	22	2769	0
1.64	1	1	165	1	1	22	2769	22	2769	0
1.641	1	1	165	2	1	22	2769	22	2769	0
1.641	1	1	165	2	1	22	2769	22	2769	0
1.641	1	1	165	2	1	22	2769	22	2769	0
1.642	1	1	165	3	1	22	2769	22	2769	0
1.642	1	1	165	3	1	22	2769	22	2769	0
1.642	1	1	165	3	1	22	2769	22	2769	0
1.643	1	1	165	4	1	22	2769	22	2769	0
1.643	1	1	165	4	1	22	2769	22	2769	0
1.643	1	1	165	4	1	22	2769	22	2769	0
1.644	1	1	165	5	1	22	2769	22	2769	0
1.644	1	1	165	5	1	22	2769	22	2769	0
1.644	1	1	165	5	1	22	2769	22	2769	0
1.645	1	1	165	6	1	22	2769	22	2769	0
1.645	1	1	165	6	1	22	2769	22	2769	0
1.645	1	1	165	6	1	22	2769	22	2769	0
1.646	1	1	165	7	1	22	2769	22	2769	0
1.646	1	1	165	7	1	22	2769	22	2769	0
1.646	1	1	165	7	1	22	2769	22	2769	0
1.647	1	1	165	8	1	22	2769	22	2769	0
1.647	1	1	165	8	1	22	2769	22	2769	0
1.647	1	1	165	8	1	22	2769	22	2769	0
1.648	1	1	165	9	1	22	2769	22	2769	0
1.648	1	1	165	9	1	22	2769	22	2769	0
1.648	1	1	165	9	1	22	2769	22	2769	0
1.649	1	1	165	10	1	22	2769	22	2769	0
1.649	1	1	165	10	1	22	2769	22	2769	0
1.649	1	1	165	10	1	22	2769	22	2769	0
1.65	1	1	166	1	1	22	2769	22	2769	0
1.65	1	1	166	1	1	22	2769	22	2769	0
1.65	1	1	166	1	1	22	2769	22	2769	0
1.651	1	1	166	2	1	22	2769	22	2769	0
1.651	1	1	166	2	1	22	2769	22	2769	0
1.651	1	1	166	2	1	22	2769	22	2769	0
1.652	1	1	166	3	1	22	2769	22	2769	0
1.652	1	1	166	3	1	22	2769	22	2769	0
1.652	1	1	166	3	1	22	2769	22	2769	0
1.653	1	1	166	4	1	22	2769	22	2769	0
1.653	1	1	166	4	1	22	2769	22	2769	0
1.653	1	1	166	4	1	22	2769	22	2769	0
1.654	1	1	166	5	1	22	2769	22	2769	0
1.654	1	1	166	5	1	22	2769	22	2769	0
1.654	1	1	166	5	1	22	2769	22	2769	0
1.655	1	1	166	6	1	22	2769	22	2769	0
1.655	1	1	166	6	1	22	2769	22	2769	0
1.655	1	1	166	6	1	22	2769	22	2769	0
1.656	1	1	166	7	1	22	2769	22	2769	0
1.656	1	1	166	7	1	22	2769	22	2769	0
1.656	1	1	166	7	1	22	2769	22	2769	0
1.657	1	1	166	8	1	22	2769	22	2769	0
1.657	1	1	166	8	1	22	2769	22	2769	0
1.657	1	1	166	8	1	22	2769	22	2769	0
1.658	1	1	166	9	1	22	2769	22	2769	0
1.658	1	1	166	9	1	22	2769	22	2769	0
1.658	1	1	166	9	1	22	2769	22	2769	0
1.659	1	1	166	10	1	22	2769	22	2769	0
1.659	1	1	166	10	1	22	2769	22	2769	0
1.659	1	1	166	10	1	22	2769	22	2769	0
1.66	1	1	167	1	1	22	2769	22	2769	0
1.66	1	1	167	1	1	22	2769	22	2769	0
1.66	1	1	167	1	1	22	2769	22	2769	0
1.661	1	1	167	2	1	22	2769	22	2769	0
1.661	1	1	167	2	1	22	2769	22	2769	0
1.661	1	1	167	2	1	22	2769	22	2769	0
1.662	1	1	167	3	1	22	2769	22	2769	0
1.662	1	1	167	3	1	22	2769	22	2769	0
1.662	1	1	167	3	1	22	2769	22	2769	0
1.663	1	1	167	4	1	22	2769	22	2769	0
1.663	1	1	167	4	1	22	2769	22	2769	0
1.663	1	1	167	4	1	22	2769	22	2769	0
1.664	1	1	167	5	1	22	2769	22	2769	0
1.664	1	1	167	5	1	22	2769	22	2769	0
1.664	1	1	167	5	1	22	2769	22	2769	0
1.665	1	1	167	6	1	22	2769	22	2769	0
1.665	1	1	167	6	1	22	2769	22	2769	0
1.665	1	1	167	6	1	22	2769	22	2769	0
1.666	1	1	167	7	1	22	2769	22	2769	0
1.666	1	1	167	7	1	22	2769	22	2769	0
1.666	1	1	167	7	1	22	2769	22	2769	0
1.667	1	1	167	8	1	22	2769	22	2769	0
1.667	1	1	167	8	1	22	2769	22	2769	0
1.667	1	1	167	8	1	22	2769	22	2769	0
1.668	1	1	167	9	1	22	2769	22	2769	0
1.668	1	1	167	9	1	22	2769	22	2769	0
1.668	1	1	167	9	1	22	2769	22	2769	0
1.669	1	1	167	10	1	22	2769	22	2769	0
1.669	1	1	167	10	1	22	2769	22	2769	0
1.669	1	1	167	10	1	22	2769	22	2769	0
1.67	1	1	168	1	1	22	2769	22	2769	0
1.67	1	1	168	1	1	22	2769	22	2769	0
1.67	1	1	168	1	1	22	2769	22	2769	0
1.671	1	1	168	2	1	22	2769	22	2769	0
1.671	1	1	168	2	1	22	2769	22	2769	0
1.671	1	1	168	2	1	22	2769	22	2769	0
1.672	1	1	168	3	1	22	2769	22	2769	0
1.672	1	1	168	3	1	22	2769	22	2769	0
1.672	1	1	168	3	1	22	2769	22	2769	0
1.673	1	1	168	4	1	22	2769	22	2769	0
1.673	1	1	168	4	1	22	2769	22	2769	0
1.673	1	1	168	4	1	22	2769	22	2769	0
1.674	1	1	168	5	1	22	2769	22	2769	0
1.674	1	1	168	5	1	22	2769	22	2769	0
1.674	1	1	168	5	1	22	2769	22	2769	0
1.675	1	1	168	6	1	22	2769	22	2769	0
1.675	1	1	168	6	1	22	2769	22	2769	0
1.675	1	1	168	6	1	22	2769	22	2769	0
1.676	1	1	168	7	1	22	2769	22	2769	0
1.676	1	1	168	7	1	22	2769	22	2769	0
1.676	1	1	168	7	1	22	2769	22	2769	0
1.677	1	1	168	8	1	22	2769	22	2769	0
1.677	1	1	168	8	1	22	2769	22	2769	0
1.677	1	1	168	8	1	22	2769	22	2769	0
1.678	1	1	168	9	1	22	2769	22	2769	0
1.678	1	1	168	9	1	22	2769	22	2769	0
1.678	1	1	168	9	1	22	2769	22	2769	0
1.679	1	1	168	10	1	22	2769	22	2769	0
1.679	1	1	168	10	1	22	2769	22	2769	0
1.679	1	1	168	10	1	22	2769	22	2769	0
1.68	1	1	169	1	1	22	2769	22	2769	0
1.68	1	1	169	1	1	22	2769	22	2769	0
1.68	1	1	169	1	1	22	2769	22	2769	0
1.681	1	1	169	2	1	22	2769	22	2769	0
1.681	1	1	169	2	1	22	2769	22	2769	0
1.681	1	1	169	2	1	22	2769	22	2769	0
1.682	1	1	169	3	1	22	2769	22	2769	0
1.682	1	1	169	3	1	22	2769	22	2769	0
1.682	1	1	169	3	1	22	2769	22	2769	0
1.683	1	1	169	4	1	22	2769	22	2769	0
1.683	1	1	169	4	1	22	2769	22	2769	0
1.683	1	1	169	4	1	22	2769	22	2769	0
1.684	1	1	169	5	1	22	2769	22	2769	0
1.684	1	1	169	5	1	22	2769	22	2769	0
1.684	1	1	169	5	1	22	2769	22	2769	0
1.685	1	1	169	6	1	22	2769	22	2769	0
1.685	1	1	169	6	1	22	2769	22	2769	0
1.685	1	1	169	6	1	22	2769	22	2769	0
1.686	1	1	169	7	1	22	2769	22	2769	0
1.686	1	1	169	7	1	22	2769	22	2769	0
1.686	1	1	169	7	1	22	2769	22	2769	0
1.687	1	1	169	8	1	22	2769	22	2769	0
1.687	1	1	169	8	1	22	2769	22	2769	0
1.687	1	1	169	8	1	22	2769	22	2769	0
1.688	1	1	169	9	1	22	2769	22	2769	0
1.688	1	1	169	9	1	22	2769	22	2769	0
1.688	1	1	169	9	1	22	2769	22	2769	0
1.689	1	1	169	10	1	22	2769	22	2769	0
1.689	1	1	169	10	1	22	2769	22	2769	0
1.689	1	1	169	10	1	22	2769	22	2769	0
1.69	1	1	170	1	1	22	2769	22	2769	0
1.69	1	1	170	1	1	22	2769	22	2769	0
1.69	1	1	170	1	1	22	2769	22	2769	0
1.691	1	1	170	2	1	22	2769	22	2769	0
1.691	1	1	170	2	1	22	2769	22	2769	0
1.691	1	1	170	2	1	22	2769	22	2769	0
1.692	1	1	170	3	1	22	2769	22	2769	0
1.692	1	1	170	3	1	22	2769	22	2769	0
1.692	1	1	170	3	1	22	2769	22	2769	0
1.693	1	1	170	4	1	22	2769	22	2769	0
1.693	1	1	170	4	1	22	2769	22	2769	0
1.693	1	1	170	4	1	22	2769	22	2769	0
1.694	1	1	170	5	1	22	2769	22	2769	0
1.694	1	1	170	5	1	22	2769	22	2769	0
1.694	1	1	170	5	1	22	2769	22	2769	0
1.695	1	1	170	6	1	22	2769	22	2769	0
1.695	1	1	170	6	1	22	2769	22	2769	0
1.695	1	1	170	6	1	22	2769	22	2769	0
1.696	1	1	170	7	1	22	2769	22	2769	0
1.696	1	1	170	7	1	22	2769	22	2769	0
1.696	1	1	170	7	1	22	2769	22	2769	0
1.697	1	1	170	8	1	22	2769	22	2769	0
1.697	1	1	170	8	1	22	2769	22	2769	0
1.697	1	1	170	8	1	22	2769	22	2769	0
1.698	1	1	170	9	1	22	2769	22	2769	0
1.698	1	1	170	9	1	22	2769	22	2769	0
1.698	1	1	170	9	1	22	2769	22	2769	0
1.699	1	1	170	10	1	22	2769	22	2769	0
1.699	1	1	170	10	1	22	2769	22	2769	0
1.699	1	1	170	10	1	22	2769	22	2769	0
1.7	1	1	171	1	1	22	2769	22	2769	0
1.7	1	1	171	1	1	22	2769	22	2769	0
1.7	1	1	171	1	1	22	2769	22	2769	0
1.701	1	1	171	2	1	22	2769	22	2769	0
1.701	1	1	171	2	1	22	2769	22	2769	0
1.701	1	1	171	2	1	22	2769	22	2769	0
1.702	1	1	171	3	1	22	2769	22	2769	0
1.702	1	1	171	3	1	22	2769	22	2769	0
1.702	1	1	171	3	1	22	2769	22	2769	0
1.703	1	1	171	4	1	22	2769	22	2769	0
1.703	1	1	171	4	1	22	2769	22	2769	0
1.703	1	1	171	4	1	22	2769	22	2769	0
1.704	1	1	171	5	1	22	2769	22	2769	0
1.704	1	1	171	5	1	22	2769	22	2769	0
1.704	1	1	171	5	1	22	2769	22	2769	0
1.705	1	1	171	6	1	22	2769	22	2769	0
1.705	1	1	171	6	1	22	2769	22	2769	0
1.705	1	1	171	6	1	22	2769	22	2769	0
1.706	1	1	171	7	1	22	2769	22	2769	0
1.706	1	1	171	7	1	22	2769	22	2769	0
1.706	1	1	171	7	1	22	2769	22	2769	0
1.707	1	1	171	8	1	22	2769	22	2769	0
1.707	1	1	171	8	1	22	2769	22	2769	0
1.707	1	1	171	8	1	22	2769	22	2769	0
1.708	1	1	171	9	1	22	2769	22	2769	0
1.708	1	1	171	9	1	22	2769	22	2769	0
1.708	1	1	171	9	1	22	2769	22	2769	0
1.709	1	1	171	10	1	22	2769	22	2769	0
1.709	1	1	171	10	1	22	2769	22	2769	0
1.709	1	1	171	10	1	22	2769	22	2769	0
1.71	1	1	172	1	1	22	2769	22	2769	0
1.71	1	1	172	1	1	22	2769	22	2769	0
1.71	1	1	172	1	1	22	2769	22	2769	0
1.711	1	1	172	2	1	22	2769	22	2769	0
1.711	1	1	172	2	1	22	2769	22	2769	0
1.711	1	1	172	2	1	22	2769	22	2769	0
1.712	1	1	172	3	1	22	2769	22	2769	0
1.712	1	1	172	3	1	22	2769	22	2769	0
1.712	1	1	172	3	1	22	2769	22	2769	0
1.713	1	1	172	4	1	22	2769	22	2769	0
1.713	1	1	172	4	1	22	2769	22	2769	0
1.713	1	1	172	4	1	22	2769	22	2769	0
1.714	1	1	172	5	1	22	2769	22	2769	0
1.714	1	1	172	5	1	22	2769	22	2769	0
1.714	1	1	172	5	1	22	2769	22	2769	0
1.715	1	1	172	6	1	22	2769	22	2769	0
1.715	1	1	172	6	1	22	2769	22	2769	0
1.715	1	1	172	6	1	22	2769	22	2769	0
1.716	1	1	172	7	1	22	2769	22	2769	0
1.716	1	1	172	7	1	22	2769	22	2769	0
1.716	1	1	172	7	1	22	2769	22	2769	0
1.717	1	1	172	8	1	22	2769	22	2769	0
1.717	1	1	172	8	1	22	2769	22	2769	0
1.717	1	1	172	8	1	22	2769	22	2769	0
1.718	1	1	172	9	1	22	2769	22	2769	0
1.718	1	1	172	9	1	22	2769	22	2769	0
1.718	1	1	172	9	1	22	2769	22	2769	0
1.719	1	1	172	10	1	22	2769	22	2769	0
1.719	1	1	172	10	1	22	2769	22	2769	0
1.719	1	1	172	10	1	22	2769	22	2769	0
1.72	1	1	173	1	1	22	2769	22	2769	0
1.72	1	1	173	1	1	22	2769	22	2769	0
1.72	1	1	173	1	1	22	2769	22	2769	0
1.721	1	1	173	2	1	22	2769	22	2769	0
1.721	1	1	173	2	1	22	2769	22	2769	0
1.721	1	1	173	2	1	22	2769	22	2769	0
1.722	1	1	173	3	1	22	2769	22	2769	0
1.722	1	1	173	3	1	22	2769	22	2769	0
1.722	1	1	173	3	1	22	2769	22	2769	0
1.723	1	1	173	4	1	22	2769	22	2769	0
1.723	1	1	173	4	1	22	2769	22	2769	0
1.723	1	1	173	4	1	22	2769	22	2769	0
1.724	1	1	173	5	1	22	2769	22	2769	0
1.724	1	1	173	5	1	22	2769	22	2769	0
1.724	1	1	173	5	1	22	2769	22	2769	0
1.725	1	1	173	6	1	22	2769	22	2769	0
1.725	1	1	173	6	1	22	2769	22	2769	0
1.725	1	1	173	6	1	22	2769	22	2769	0
1.726	1	1	173	7	1	22	2769	22	2769	0
1.726	1	1	173	7	1	22	2769	22	2769	0
1.726	1	1	173	7	1	22	2769	22	2769	0
1.727	1	1	173	8	1	22	2769	22	2769	0
1.727	1	1	173	8	1	22	2769	22	2769	0
1.727	1	1	173	8	1	22	2769	22	2769	0
1.728	1	1	173	9	1	22	2769	22	2769	0
1.728	1	1	173	9	1	22	2769	22	2769	0
1.728	1	1	173	9	1	22	2769	22	2769	0
1.729	1	1	173	10	1	22	2769	22	2769	0
1.729	1	1	173	10	1	22	2769	22	2769	0
1.729	1	1	173	10	1	22	2769	22	2769	0
1.73	1	1	174	1	1	22	2769	22	2769	0
1.73	1	1	174	1	1	22	2769	22	2769	0
1.73	1	1	174	1	1	22	2769	22	2769	0
1.731	1	1	174	2	1	22	2769	22	2769	0
1.731	1	1	174	2	1	22	2769	22	2769	0
1.731	1	1	174	2	1	22	2769	22	2769	0
1.732	1	1	174	3	1	22	2769	22	2769	0
1.732	1	1	174	3	1	22	2769	22	2769	0
1.732	1	1	174	3	1	22	2769	22	2769	0
1.733	1	1	174	4	1	22	2769	22	2769	0
1.733	1	1	174	4	1	22	2769	22	2769	0
1.733	1	1	174	4	1	22	2769	22	2769	0
1.734	1	1	174	5	1	22	2769	22	2769	0
1.734	1	1	174	5	1	22	2769	22	2769	0
1.734	1	1	174	5	1	22	2769	22	2769	0
1.735	1	1	174	6	1	22	2769	22	2769	0
1.735	1	1	174	6	1	22	2769	22	2769	0
1.735	1	1	174	6	1	22	2769	22	2769	0
1.736	1	1	174	7	1	22	2769	22	2769	0
1.736	1	1	174	7	1	22	2769	22	2769	0
1.736	1	1	174	7	1	22	2769	22	2769	0
1.737	1	1	174	8	1	22	2769	22	2769	0
1.737	1	1	174	8	1	22	2769	22	2769	0
1.737	1	1	174	8	1	22	2769	22	2769	0
1.738	1	1	174	9	1	22	2769	22	2769	0
1.738	1	1	174	9	1	22	2769	22	2769	0
1.738	1	1	174	9	1	22	2769	22	2769	0
1.739	1	1	174	10	1	22	2769	22	2769	0
1.739	1	1	174	10	1	22	2769	22	2769	0
1.739	1	1	174	10	1	22	2769	22	2769	0
1.74	1	1	175	1	1	22	2769	22	2769	0
1.74	1	1	175	1	1	22	2769	22	2769	0
1.74	1	1	175	1	1	22	2769	22	2769	0
1.741	1	1	175	2	1	22	2769	22	2769	0
1.741	1	1	175	2	1	22	2769	22	2769	0
1.741	1	1	175	2	1	22	2769	22	2769	0
1.742	1	1	175	3	1	22	2769	22	2769	0
1.742	1	1	175	3	1	22	2769	22	2769	0
1.742	1	1	175	3	1	22	2769	22	2769	0
1.743	1	1	175	4	1	22	2769	22	2769	0
1.743	1	1	175	4	1	22	2769	22	2769	0
1.743	1	1	175	4	1	22	2769	22	2769	0
1.744	1	1	175	5	1	22	2769	22	2769	0
1.744	1	1	175	5	1	22	2769	22	2769	0
1.744	1	1	175	5	1	22	2769	22	2769	0
1.745	1	1	175	6	1	22	2769	22	2769	0
1.745	1	1	175	6	1	22	2769	22	2769	0
1.745	1	1	175	6	1	22	2769	22	2769	0
1.746	1	1	175	7	1	22	2769	22	2769	0
1.746	1	1	175	7	1	22	2769	22	2769	0
1.746	1	1	175	7	1	22	2769	22	2769	0
1.747	1	1	175	8	1	22	2769	22	2769	0
1.747	1	1	175	8	1	22	2769	22	2769	0
1.747	1	1	175	8	1	22	2769	22	2769	0
1.748	1	1	175	9	1	22	2769	22	2769	0
1.748	1	1	175	9	1	22	2769	22	2769	0
1.748	1	1	175	9	1	22	2769	22	2769	0
1.749	1	1	175	10	1	22	2769	22	2769	0
1.749	1	1	175	10	1	22	2769	22	2769	0
1.749	1	1	175	10	1	22	2769	22	2769	0
1.75	1	1	176	1	1	22	2769	22	2769	0
1.75	1	1	176	1	1	22	2769	22	2769	0
1.75	1	1	176	1	1	22	2769	22	2769	0
1.751	1	1	176	2	1	22	2769	22	2769	0
1.751	1	1	176	2	1	22	2769	22	2769	0
1.751	1	1	176	2	1	22	2769	22	2769	0
1.752	1	1	176	3	1	22	2769	22	2769	0
1.752	1	1	176	3	1	22	2769	22	2769	0
1.752	1	1	176	3	1	22	2769	22	2769	0
1.753	1	1	176	4	1	22	2769	22	2769	0
1.753	1	1	176	4	1	22	2769	22	2769	0
1.753	1	1	176	4	1	22	2769	22	2769	0
1.754	1	1	176	5	1	22	2769	22	2769	0
1.754	1	1	176	5	1	22	2769	22	2769	0
1.754	1	1	176	5	1	22	2769	22	2769	0
1.755	1	1	176	6	1	22	2769	22	2769	0
1.755	1	1	176	6	1	22	2769	22	2769	0
1.755	1	1	176	6	1	22	2769	22	2769	0
1.756	1	1	176	7	1	22	2769	22	2769	0
1.756	1	1	176	7	1	22	2769	22	2769	0
1.756	1	1	176	7	1	22	2769	22	2769	0
1.757	1	1	176	8	1	22	2769	22	2769	0
1.757	1	1	176	8	1	22	2769	22	2769	0
1.757	1	1	176	8	1	22	2769	22	2769	0
1.758	1	1	176	9	1	22	2769	22	2769	0
1.758	1	1	176	9	1	22	2769	22	2769	0
1.758	1	1	176	9	1	22	2769	22	2769	0
1.759	1	1	176	10	1	22	2769	22	2769	0
1.759	1	1	176	10	1	22	2769	22	2769	0
1.759	1	1	176	10	1	22	2769	22	2769	0
1.76	1	1	177	1	1	22	2769	22	2769	0
1.76	1	1	177	1	1	22	2769	22	2769	0
1.76	1	1	177	1	1	22	2769	22	2769	0
1.761	1	1	177	2	1	22	2769	22	2769	0
1.761	1	1	177	2	1	22	2769	22	2769	0
1.761	1	1	177	2	1	22	2769	22	2769	0
1.762	1	1	177	3	1	22	2769	22	2769	0
1.762	1	1	177	3	1	22	2769	22	2769	0
1.762	1	1	177	3	1	22	2769	22	2769	0
1.763	1	1	177	4	1	22	2769	22	2769	0
1.763	1	1	177	4	1	22	2769	22	2769	0
1.763	1	1	177	4	1	22	2769	22	2769	0
1.764	1	1	177	5	1	22	2769	22	2769	0
1.764	1	1	177	5	1	22	2769	22	2769	0
1.764	1	1	177	5	1	22	2769	22	2769	0
1.765	1	1	177	6	1	22	2769	22	2769	0
1.765	1	1	177	6	1	22	2769	22	2769	0
1.765	1	1	177	6	1	22	2769	22	2769	0
1.766	1	1	177	7	1	22	2769	22	2769	0
1.766	1	1	177	7	1	22	2769	22	2769	0
1.766	1	1	177	7	1	22	2769	22	2769	0
1.767	1	1	177	8	1	22	2769	22	2769	0
1.767	1	1	177	8	1	22	2769	22	2769	0
1.767	1	1	177	8	1	22	2769	22	2769	0
1.768	1	1	177	9	1	22	2769	22	2769	0
1.768	1	1	177	9	1	22	2769	22	2769	0
1.768	1	1	177	9	1	22	2769	22	2769	0
1.769	1	1	177	10	1	22	2769	22	2769	0
1.769	1	1	177	10	1	22	2769	22	2769	0
1.769	1	1	177	10	1	22	2769	22	2769	0
1.77	1	1	178	1	1	22	2769	22	2769	0
1.77	1	1	178	1	1	22	2769	22	2769	0
1.77	1	1	178	1	1	22	2769	22	2769	0
1.771	1	1	178	2	1	22	2769	22	2769	0
1.771	1	1	178	2	1	22	2769	22	2769	0
1.771	1	1	178	2	1	22	2769	22	2769	0
1.772	1	1	178	3	1	22	2769	22	2769	0
1.772	1	1	178	3	1	22	2769	22	2769	0
1.772	1	1	178	3	1	22	2769	22	2769	0
1.773	1	1	178	4	1	22	2769	22	2769	0
1.773	1	1	178	4	1	22	2769	22	2769	0
1.773	1	1	178	4	1	22	2769	22	2769	0
1.774	1	1	178	5	1	22	2769	22	2769	0
1.774	1	1	178	5	1	22	2769	22	2769	0
1.774	1	1	178	5	1	22	2769	22	2769	0
1.775	1	1	178	6	1	22	2769	22	2769	0
1.775	1	1	178	6	1	22	2769	22	2769	0
1.775	1	1	178	6	1	22	2769	22	2769	0
1.776	1	1	178	7	1	22	2769	22	2769	0
1.776	1	1	178	7	1	22	2769	22	2769	0
1.776	1	1	178	7	1	22	2769	22	2769	0
1.777	1	1	178	8	1	22	2769	22	2769	0
1.777	1	1	178	8	1	22	2769	22	2769	0
1.777	1	1	178	8	1	22	2769	22	2769	0
1.778	1	1	178	9	1	22	2769	22	2769	0
1.778	1	1	178	9	1	22	2769	22	2769	0
1.778	1	1	178	9	1	22	2769	22	2769	0
1.779	1	1	178	10	1	22	2769	22	2769	0
1.779	1	1	178	10	1	22	2769	22	2769	0
1.779	1	1	178	10	1	22	2769	22	2769	0
1.78	1	1	179	1	1	22	2769	22	2769	0
1.78	1	1	179	1	1	22	2769	22	2769	0
1.78	1	1	179	1	1	22	2769	22	2769	0
1.781	1	1	179	2	1	22	2769	22	2769	0
1.781	1	1	179	2	1	22	2769	22	2769	0
1.781	1	1	179	2	1	22	2769	22	2769	0
1.782	1	1	179	3	1	22	2769	22	2769	0
1.782	1	1	179	3	1	22	2769	22	2769	0
1.782	1	1	179	3	1	22	2769	22	2769	0
1.783	1	1	179	4	1	22	2769	22	2769	0
1.783	1	1	179	4	1	22	2769	22	2769	0
1.783	1	1	179	4	1	22	2769	22	2769	0
1.784	1	1	179	5	1	22	2769	22	2769	0
1.784	1	1	179	5	1	22	2769	22	2769	0
1.784	1	1	179	5	1	22	2769	22	2769	0
1.785	1	1	179	6	1	22	2769	22	2769	0
1.785	1	1	179	6	1	22	2769	22	2769	0
1.785	1	1	179	6	1	22	2769	22	2769	0
1.786	1	1	179	7	1	22	2769	22	2769	0
1.786	1	1	179	7	1	22	2769	22	2769	0
1.786	1	1	179	7	1	22	2769	22	2769	0
1.787	1	1	179	8	1	22	2769	22	2769	0
1.787	1	1	179	8	1	22	2769	22	2769	0
1.787	1	1	179	8	1	22	2769	22	2769	0
1.788	1	1	179	9	1	22	2769	22	2769	0
1.788	1	1	179	9	1	22	2769	22	2769	0
1.788	1	1	179	9	1	22	2769	22	2769	0
1.789	1	1	179	10	1	22	2769	22	2769	0
1.789	1	1	179	10	1	22	2769	22	2769	0
1.789	1	1	179	10	1	22	2769	22	2769	0
1.79	1	1	180	1	1	22	2769	22	2769	0
1.79	1	1	180	1	1	22	2769	22	2769	0
1.79	1	1	180	1	1	22	2769	22	2769	0
1.791	1	1	180	2	1	22	2769	22	2769	0
1.791	1	1	180	2	1	22	2769	22	2769	0
1.791	1	1	180	2	1	22	2769	22	2769	0
1.792	1	1	180	3	1	22	2769	22	2769	0
1.792	1	1	180	3	1	22	2769	22	2769	0
1.792	1	1	180	3	1	22	2769	22	2769	0
1.793	1	1	180	4	1	22	2769	22	2769	0
1.793	1	1	180	4	1	22	2769	22	2769	0
1.793	1	1	180	4	1	22	2769	22	2769	0
1.794	1	1	180	5	1	22	2769	22	2769	0
1.794	1	1	180	5	1	22	2769	22	2769	0
1.794	1	1	180	5	1	22	2769	22	2769	0
1.795	1	1	180	6	1	22	2769	22	2769	0
1.795	1	1	180	6	1	22	2769	22	2769	0
1.795	1	1	180	6	1	22	2769	22	2769	0
1.796	1	1	180	7	1	22	2769	22	2769	0
1.796	1	1	180	7	1	22	2769	22	2769	0
1.796	1	1	180	7	1	22	2769	22	2769	0
1.797	1	1	180	8	1	22	2769	22	2769	0
1.797	1	1	180	8	1	22	2769	22	2769	0
1.797	1	1	180	8	1	22	2769	22	2769	0
1.798	1	1	180	9	1	22	2769	22	2769	0
1.798	1	1	180	9	1	22	2769	22	2769	0
1.798	1	1	180	9	1	22	2769	22	2769	0
1.799	1	1	180	10	1	22	2769	22	2769	0
1.799	1	1	180	10	1	22	2769	22	2769	0
1.799	1	1	180	10	1	22	2769	22	2769	0
1.8	1	1	181	1	1	22	2769	22	2769	0
1.8	1	1	181	1	1	22	2769	22	2769	0
1.8	1	1	181	1	1	22	2769	22	2769	0
1.801	1	1	181	2	1	22	2769	22	2769	0
1.801	1	1	181	2	1	22	2769	22	2769	0
1.801	1	1	181	2	1	22	2769	22	2769	0
1.802	1	1	181	3	1	22	2769	22	2769	0
1.802	1	1	181	3	1	22	2769	22	2769	0
1.802	1	1	181	3	1	22	2769	22	2769	0
1.803	1	1	181	4	1	22	2769	22	2769	0
1.803	1	1	181	4	1	22	2769	22	2769	0
1.803	1	1	181	4	1	22	2769	22	2769	0
1.804	1	1	181	5	1	22	2769	22	2769	0
1.804	1	1	181	5	1	22	2769	22	2769	0
1.804	1	1	181	5	1	22	2769	22	2769	0
1.805	1	1	181	6	1	22	2769	22	2769	0
1.805	1	1	181	6	1	22	2769	22	2769	0
1.805	1	1	181	6	1	22	2769	22	2769	0
1.806	1	1	181	7	1	22	2769	22	2769	0
1.806	1	1	181	7	1	22	2769	22	2769	0
1.806	1	1	181	7	1	22	2769	22	2769	0
1.807	1	1	181	8	1	22	2769	22	2769	0
1.807	1	1	181	8	1	22	2769	22	2769	0
1.807	1	1	181	8	1	22	2769	22	2769	0
1.808	1	1	181	9	1	22	2769	22	2769	0
1.808	1	1	181	9	1	22	2769	22	2769	0
1.808	1	1	181	9	1	22	2769	22	2769	0
1.809	1	1	181	10	1	22	2769	22	2769	0
1.809	1	1	181	10	1	22	2769	22	2769	0
1.809	1	1	181	10	1	22	2769	22	2769	0
1.81	1	1	182	1	1	22	2769	22	2769	0
1.81	1	1	182	1	1	22	2769	22	2769	0
1.81	1	1	182	1	1	22	2769	22	2769	0
1.811	1	1	182	2	1	22	2769	22	2769	0
1.811	1	1	182	2	1	22	2769	22	2769	0
1.811	1	1	182	2	1	22	2769	22	2769	0
1.812	1	1	182	3	1	22	2769	22	2769	0
1.812	1	1	182	3	1	22	2769	22	2769	0
1.812	1	1	182	3	1	22	2769	22	2769	0
1.813	1	1	182	4	1	22	2769	22	2769	0
1.813	1	1	182	4	1	22	2769	22	2769	0
1.813	1	1	182	4	1	22	2769	22	2769	0
1.814	1	1	182	5	1	22	2769	22	2769	0
1.814	1	1	182	5	1	22	2769	22	2769	0
1.814	1	1	182	5	1	22	2769	22	2769	0
1.815	1	1	182	6	1	22	2769	22	2769	0
1.815	1	1	182	6	1	22	2769	22	2769	0
1.815	1	1	182	6	1	22	2769	22	2769	0
1.816	1	1	182	7	1	22	2769	22	2769	0
1.816	1	1	182	7	1	22	2769	22	2769	0
1.816	1	1	182	7	1	22	2769	22	2769	0
1.817	1	1	182	8	1	22	2769	22	2769	0
1.817	1	1	182	8	1	22	2769	22	2769	0
1.817	1	1	182	8	1	22	2769	22	2769	0
1.818	1	1	182	9	1	22	2769	22	2769	0
1.818	1	1	182	9	1	22	2769	22	2769	0
1.818	1	1	182	9	1	22	2769	22	2769	0
1.819	1	1	182	10	1	22	2769	22	2769	0
1.819	1	1	182	10	1	22	2769	22	2769	0
1.819	1	1	182	10	1	22	2769	22	2769	0
1.82	1	1	183	1	1	22	2769	22	2769	0
1.82	1	1	183	1	1	22	2769	22	2769	0
1.82	1	1	183	1	1	22	2769	22	2769	0
1.821	1	1	183	2	1	22	2769	22	2769	0
1.821	1	1	183	2	1	22	2769	22	2769	0
1.821	1	1	183	2	1	22	2769	22	2769	0
1.822	1	1	183	3	1	22	2769	22	2769	0
1.822	1	1	183	3	1	22	2769	22	2769	0
1.822	1	1	183	3	1	22	2769	22	2769	0
1.823	1	1	183	4	1	22	2769	22	2769	0
1.823	1	1	183	4	1	22	2769	22	2769	0
1.823	1	1	183	4	1	22	2769	22	2769	0
1.824	1	1	183	5	1	22	2769	22	2769	0
1.824	1	1	183	5	1	22	2769	22	2769	0
1.824	1	1	183	5	1	22	2769	22	2769	0
1.825	1	1	183	6	1	22	2769	22	2769	0
1.825	1	1	183	6	1	22	2769	22	2769	0
1.825	1	1	183	6	1	22	2769	22	2769	0
1.826	1	1	183	7	1	22	2769	22	2769	0
1.826	1	1	183	7	1	22	2769	22	2769	0
1.826	1	1	183	7	1	22	2769	22	2769	0
1.827	1	1	183	8	1	22	2769	22	2769	0
1.827	1	1	183	8	1	22	2769	22	2769	0
1.827	1	1	183	8	1	22	2769	22	2769	0
1.828	1	1	183	9	1	22	2769	22	2769	0
1.828	1	1	183	9	1	22	2769	22	2769	0
1.828	1	1	183	9	1	22	2769	22	2769	0
1.829	1	1	183	10	1	22	2769	22	2769	0
1.829	1	1	183	10	1	22	2769	22	2769	0
1.829	1	1	183	10	1	22	2769	22	2769	0
1.83	1	1	184	1	1	22	2769	22	2769	0
1.83	1	1	184	1	1	22	2769	22	2769	0
1.83	1	1	184	1	1	22	2769	22	2769	0
1.831	1	1	184	2	1	22	2769	22	2769	0
1.831	1	1	184	2	1	22	2769	22	2769	0
1.831	1	1	184	2	1	22	2769	22	2769	0
1.832	1	1	184	3	1	22	2769	22	2769	0
1.832	1	1	184	3	1	22	2769	22	2769	0
1.832	1	1	184	3	1	22	2769	22	2769	0
1.833	1	1	184	4	1	22	2769	22	2769	0
1.833	1	1	184	4	1	22	2769	22	2769	0
1.833	1	1	184	4	1	22	2769	22	2769	0
1.834	1	1	184	5	1	22	2769	22	2769	0
1.834	1	1	184	5	1	22	2769	22	2769	0
1.834	1	1	184	5	1	22	2769	22	2769	0
1.835	1	1	184	6	1	22	2769	22	2769	0
1.835	1	1	184	6	1	22	2769	22	2769	0
1.835	1	1	184	6	1	22	2769	22	2769	0
1.836	1	1	184	7	1	22	2769	22	2769	0
1.836	1	1	184	7	1	22	2769	22	2769	0
1.836	1	1	184	7	1	22	2769	22	2769	0
1.837	1	1	184	8	1	22	2769	22	2769	0
1.837	1	1	184	8	1	22	2769	22	2769	0
1.837	1	1	184	8	1	22	2769	22	2769	0
1.838	1	1	184	9	1	22	2769	22	2769	0
1.838	1	1	184	9	1	22	2769	22	2769	0
1.838	1	1	184	9	1	22	2769	22	2769	0
1.839	1	1	184	10	1	22	2769	22	2769	0
1.839	1	1	184	10	1	22	2769	22	2769	0
1.839	1	1	184	10	1	22	2769	22	2769	0
1.84	1	1	185	1	1	22	2769	22	2769	0
1.84	1	1	185	1	1	22	2769	22	2769	0
1.84	1	1	185	1	1	22	2769	22	2769	0
1.841	1	1	185	2	1	22	2769	22	2769	0
1.841	1	1	185	2	1	22	2769	22	2769	0
1.841	1	1	185	2	1	22	2769	22	2769	0
1.842	1	1	185	3	1	22	2769	22	2769	0
1.842	1	1	185	3	1	22	2769	22	2769	0
1.842	1	1	185	3	1	22	2769	22	2769	0
1.843	1	1	185	4	1	22	2769	22	2769	0
1.843	1	1	185	4	1	22	2769	22	2769	0
1.843	1	1	185	4	1	22	2769	22	2769	0
1.844	1	1	185	5	1	22	2769	22	2769	0
1.844	1	1	185	5	1	22	2769	22	2769	0
1.844	1	1	185	5	1	22	2769	22	2769	0
1.845	1	1	185	6	1	22	2769	22	2769	0
1.845	1	1	185	6	1	22	2769	22	2769	0
1.845	1	1	185	6	1	22	2769	22	2769	0
1.846	1	1	185	7	1	22	2769	22	2769	0
1.846	1	1	185	7	1	22	2769	22	2769	0
1.846	1	1	185	7	1	22	2769	22	2769	0
1.847	1	1	185	8	1	22	2769	22	2769	0
1.847	1	1	185	8	1	22	2769	22	2769	0
1.847	1	1	185	8	1	22	2769	22	2769	0
1.848	1	1	185	9	1	22	2769	22	2769	0
1.848	1	1	185	9	1	22	2769	22	2769	0
1.848	1	1	185	9	1	22	2769	22	2769	0
1.849	1	1	185	10	1	22	2769	22	2769	0
1.849	1	1	185	10	1	22	2769	22	2769	0
1.849	1	1	185	10	1	22	2769	22	2769	0
1.85	1	1	186	1	1	22	2769	22	2769	0
1.85	1	1	186	1	1	22	2769	22	2769	0
1.85	1	1	186	1	1	22	2769	22	2769	0
1.851	1	1	186	2	1	22	2769	22	2769	0
1.851	1	1	186	2	1	22	2769	22	2769	0
1.851	1	1	186	2	1	22	2769	22	2769	0
1.852	1	1	186	3	1	22	2769	22	2769	0
1.852	1	1	186	3	1	22	2769	22	2769	0
1.852	1	1	186	3	1	22	2769	22	2769	0
1.853	1	1	186	4	1	22	2769	22	2769	0
1.853	1	1	186	4	1	22	2769	22	2769	0
1.853	1	1	186	4	1	22	2769	22	2769	0
1.854	1	1	186	5	1	22	2769	22	2769	0
1.854	1	1	186	5	1	22	2769	22	2769	0
1.854	1	1	186	5	1	22	2769	22	2769	0
1.855	1	1	186	6	1	22	2769	22	2769	0
1.855	1	1	186	6	1	22	2769	22	2769	0
1.855	1	1	186	6	1	22	2769	22	2769	0
1.856	1	1	186	7	1	22	2769	22	2769	0
1.856	1	1	186	7	1	22	2769	22	2769	0
1.856	1	1	186	7	1	22	2769	22	2769	0
1.857	1	1	186	8	1	22	2769	22	2769	0
1.857	1	1	186	8	1	22	2769	22	2769	0
1.857	1	1	186	8	1	22	2769	22	2769	0
1.858	1	1	186	9	1	22	2769	22	2769	0
1.858	1	1	186	9	1	22	2769	22	2769	0
1.858	1	1	186	9	1	22	2769	22	2769	0
1.859	1	1	186	10	1	22	2769	22	2769	0
1.859	1	1	186	10	1	22	2769	22	2769	0
1.859	1	1	186	10	1	22	2769	22	2769	0
1.86	1	1	187	1	1	22	2769	22	2769	0
1.86	1	1	187	1	1	22	2769	22	2769	0
1.86	1	1	187	1	1	22	2769	22	2769	0
1.861	1	1	187	2	1	22	2769	22	2769	0
1.861	1	1	187	2	1	22	2769	22	2769	0
1.861	1	1	187	2	1	22	2769	22	2769	0
1.862	1	1	187	3	1	22	2769	22	2769	0
1.862	1	1	187	3	1	22	2769	22	2769	0
1.862	1	1	187	3	1	22	2769	22	2769	0
1.863	1	1	187	4	1	22	2769	22	2769	0
1.863	1	1	187	4	1	22	2769	22	2769	0
1.863	1	1	187	4	1	22	2769	22	2769	0
1.864	1	1	187	5	1	22	2769	22	2769	0
1.864	1	1	187	5	1	22	2769	22	2769	0
1.864	1	1	187	5	1	22	2769	22	2769	0
1.865	1	1	187	6	1	22	2769	22	2769	0
1.865	1	1	187	6	1	22	2769	22	2769	0
1.865	1	1	187	6	1	22	2769	22	2769	0
1.866	1	1	187	7	1	22	2769	22	2769	0
1.866	1	1	187	7	1	22	2769	22	2769	0
1.866	1	1	187	7	1	22	2769	22	2769	0
1.867	1	1	187	8	1	22	2769	22	2769	0
1.867	1	1	187	8	1	22	2769	22	2769	0
1.867	1	1	187	8	1	22	2769	22	2769	0
1.868	1	1	187	9	1	22	2769	22	2769	0
1.868	1	1	187	9	1	22	2769	22	2769	0
1.868	1	1	187	9	1	22	2769	22	2769	0
1.869	1	1	187	10	1	22	2769	22	2769	0
1.869	1	1	187	10	1	22	2769	22	2769	0
1.869	1	1	187	10	1	22	2769	22	2769	0
1.87	1	1	188	1	1	22	2769	22	2769	0
1.87	1	1	188	1	1	22	2769	22	2769	0
1.87	1	1	188	1	1	22	2769	22	2769	0
1.871	1	1	188	2	1	22	2769	22	2769	0
1.871	1	1	188	2	1	22	2769	22	2769	0
1.871	1	1	188	2	1	22	2769	22	2769	0
1.872	1	1	188	3	1	22	2769	22	2769	0
1.872	1	1	188	3	1	22	2769	22	2769	0
1.872	1	1	188	3	1	22	2769	22	2769	0
1.873	1	1	188	4	1	22	2769	22	2769	0
1.873	1	1	188	4	1	22	2769	22	2769	0
1.873	1	1	188	4	1	22	2769	22	2769	0
1.874	1	1	188	5	1	22	2769	22	2769	0
1.874	1	1	188	5	1	22	2769	22	2769	0
1.874	1	1	188	5	1	22	2769	22	2769	0
1.875	1	1	188	6	1	22	2769	22	2769	0
1.875	1	1	188	6	1	22	2769	22	2769	0
1.875	1	1	188	6	1	22	2769	22	2769	0
1.876	1	1	188	7	1	22	2769	22	2769	0
1.876	1	1	188	7	1	22	2769	22	2769	0
1.876	1	1	188	7	1	22	2769	22	2769	0
1.877	1	1	188	8	1	22	2769	22	2769	0
1.877	1	1	188	8	1	22	2769	22	2769	0
1.877	1	1	188	8	1	22	2769	22	2769	0
1.878	1	1	188	9	1	22	2769	22	2769	0
1.878	1	1	188	9	1	22	2769	22	2769	0
1.878	1	1	188	9	1	22	2769	22	2769	0
1.879	1	1	188	10	1	22	2769	22	2769	0
1.879	1	1	188	10	1	22	2769	22	2769	0
1.879	1	1	188	10	1	22	2769	22	2769	0
1.88	1	1	189	1	1	22	2769	22	2769	0
1.88	1	1	189	1	1	22	2769	22	2769	0
1.88	1	1	189	1	1	22	2769	22	2769	0
1.881	1	1	189	2	1	22	2769	22	2769	0
1.881	1	1	189	2	1	22	2769	22	2769	0
1.881	1	1	189	2	1	22	2769	22	2769	0
1.882	1	1	189	3	1	22	2769	22	2769	0
1.882	1	1	189	3	1	22	2769	22	2769	0
1.882	1	1	189	3	1	22	2769	22	2769	0
1.883	1	1	189	4	1	22	2769	22	2769	0
1.883	1	1	189	4	1	22	2769	22	2769	0
1.883	1	1	189	4	1	22	2769	22	2769	0
1.884	1	1	189	5	1	22	2769	22	2769	0
1.884	1	1	189	5	1	22	2769	22	2769	0
1.884	1	1	189	5	1	22	2769	22	2769	0
1.885	1	1	189	6	1	22	2769	22	2769	0
1.885	1	1	189	6	1	22	2769	22	2769	0
1.885	1	1	189	6	1	22	2769	22	2769	0
1.886	1	1	189	7	1	22	2769	22	2769	0
1.886	1	1	189	7	1	22	2769	22	2769	0
1.886	1	1	189	7	1	22	2769	22	2769	0
1.887	1	1	189	8	1	22	2769	22	2769	0
1.887	1	1	189	8	1	22	2769	22	2769	0
1.887	1	1	189	8	1	22	2769	22	2769	0
1.888	1	1	189	9	1	22	2769	22	2769	0
1.888	1	1	189	9	1	22	2769	22	2769	0
1.888	1	1	189	9	1	22	2769	22	2769	0
1.889	1	1	189	10	1	22	2769	22	2769	0
1.889	1	1	189	10	1	22	2769	22	2769	0
1.889	1	1	189	10	1	22	2769	22	2769	0
1.89	1	1	190	1	1	22	2769	22	2769	0
1.89	1	1	190	1	1	22	2769	22	2769	0
1.89	1	1	190	1	1	22	2769	22	2769	0
1.891	1	1	190	2	1	22	2769	22	2769	0
1.891	1	1	190	2	1	22	2769	22	2769	0
1.891	1	1	190	2	1	22	2769	22	2769	0
1.892	1	1	190	3	1	22	2769	22	2769	0
1.892	1	1	190	3	1	22	2769	22	2769	0
1.892	1	1	190	3	1	22	2769	22	2769	0
1.893	1	1	190	4	1	22	2769	22	2769	0
1.893	1	1	190	4	1	22	2769	22	2769	0
1.893	1	1	190	4	1	22	2769	22	2769	0
1.894	1	1	190	5	1	22	2769	22	2769	0
1.894	1	1	190	5	1	22	2769	22	2769	0
1.894	1	1	190	5	1	22	2769	22	2769	0
1.895	1	1	190	6	1	22	2769	22	2769	0
1.895	1	1	190	6	1	22	2769	22	2769	0
1.895	1	1	190	6	1	22	2769	22	2769	0
1.896	1	1	190	7	1	22	2769	22	2769	0
1.896	1	1	190	7	1	22	2769	22	2769	0
1.896	1	1	190	7	1	22	2769	22	2769	0
1.897	1	1	190	8	1	22	2769	22	2769	0
1.897	1	1	190	8	1	22	2769	22	2769	0
1.897	1	1	190	8	1	22	2769	22	2769	0
1.898	1	1	190	9	1	22	2769	22	2769	0
1.898	1	1	190	9	1	22	2769	22	2769	0
1.898	1	1	190	9	1	22	2769	22	2769	0
1.899	1	1	190	10	1	22	2769	22	2769	0
1.899	1	1	190	10	1	22	2769	22	2769	0
1.899	1	1	190	10	1	22	2769	22	2769	0
1.9	1	1	191	1	1	22	2769	22	2769	0
1.9	1	1	191	1	1	22	2769	22	2769	0
1.9	1	1	191	1	1	22	2769	22	2769	0
1.901	1	1	191	2	1	22	2769	22	2769	0
1.901	1	1	191	2	1	22	2769	22	2769	0
1.901	1	1	191	2	1	22	2769	22	2769	0
1.902	1	1	191	3	1	22	2769	22	2769	0
1.902	1	1	191	3	1	22	2769	22	2769	0
1.902	1	1	191	3	1	22	2769	22	2769	0
1.903	1	1	191	4	1	22	2769	22	2769	0
1.903	1	1	191	4	1	22	2769	22	2769	0
1.903	1	1	191	4	1	22	2769	22	2769	0
1.904	1	1	191	5	1	22	2769	22	2769	0
1.904	1	1	191	5	1	22	2769	22	2769	0
1.904	1	1	191	5	1	22	2769	22	2769	0
1.905	1	1	191	6	1	22	2769	22	2769	0
1.905	1	1	191	6	1	22	2769	22	2769	0
1.905	1	1	191	6	1	22	2769	22	2769	0
1.906	1	1	191	7	1	22	2769	22	2769	0
1.906	1	1	191	7	1	22	2769	22	2769	0
1.906	1	1	191	7	1	22	2769	22	2769	0
1.907	1	1	191	8	1	22	2769	22	2769	0
1.907	1	1	191	8	1	22	2769	22	2769	0
1.907	1	1	191	8	1	22	2769	22	2769	0
1.908	1	1	191	9	1	22	2769	22	2769	0
1.908	1	1	191	9	1	22	2769	22	2769	0
1.908	1	1	191	9	1	22	2769	22	2769	0
1.909	1	1	191	10	1	22	2769	22	2769	0
1.909	1	1	191	10	1	22	2769	22	2769	0
1.909	1	1	191	10	1	22	2769	22	2769	0
1.91	1	1	192	1	1	22	2769	22	2769	0
1.91	1	1	192	1	1	22	2769	22	2769	0
1.91	1	1	192	1	1	22	2769	22	2769	0
1.911	1	1	192	2	1	22	2769	22	2769	0
1.911	1	1	192	2	1	22	2769	22	2769	0
1.911	1	1	192	2	1	22	2769	22	2769	0
